0.00006398215478513595
-0.00018797888311267757
0.00030614976926376117
-0.0004254889086393368
0.0005489820806603029
-0.0006720437824748414
0.0007926955702754975
-0.0009132955939348729
0.0010351158521798793
-0.0011566099892753126
0.001276803600175544
-0.0013967302311834356
0.0015170823439822516
-0.0016370347151726595
0.0017559847342156962
-0.0018745262159483708
0.001993098724656171
-0.002111169533136596
0.00222831827912247
-0.002344933904103487
0.0024613208582108946
-0.0025770978445828915
0.002691949404789122
-0.002806150296038631
0.002919923219337269
-0.003032977226623239
0.003145063884868834
-0.0032563868899081025
0.003367115211917181
-0.0034770171133217194
0.003585890266576267
-0.0036938907287909924
0.0038011500255871493
-0.003907477935462825
0.004012705661293241
-0.004116955579414484
0.00422033196843641
-0.004322675259822406
0.004423842139994154
-0.004523930211095707
0.004623023261955558
-0.004720985312311523
0.004817693130897316
-0.0049132255353522055
0.005007650505806527
-0.005100850847662235
0.005192719648534256
-0.005283321140025995
0.005372710853893462
-0.005460787000620709
0.0055474562854730325
-0.0056327713965033535
0.0057167778998352
-0.005799386964409827
0.005880516927707905
-0.0059602111992318975
0.0060385072571928445
-0.006115327418412186
0.006190600165290663
-0.006264361352087033
0.0063366418160998575
-0.006407373658092052
0.006476494374459735
-0.006544033598252418
0.0066100166572971315
-0.006674384394395492
0.006737082450213803
-0.006798135282975362
0.006857563605107881
-0.00691531619723824
0.006971346170254647
-0.007025673635808416
0.00707831540193277
-0.007129227562084026
0.007178370172947788
-0.007225759658311055
0.007271409488149845
-0.007315282581649305
0.00735734553359612
-0.007397611603595865
0.00743609137275775
-0.007472754207158562
0.007507572924963013
-0.007540558035073888
0.007571717581653294
-0.0076010270856550185
0.007628465349643133
-0.007654040453038247
0.007677758172059224
-0.007699599961804953
0.007719550433574095
-0.0077376154792031734
0.007753798803299443
-0.007768087634500635
0.007780472271708373
-0.007790956590914682
0.0077995423558435625
-0.007806222460407254
0.007810992818622416
-0.007813855398431088
0.007814810092302425
-0.007813855398431088
0.007810992818622416
-0.007806222460407254
0.0077995423558435625
-0.007790956590914682
0.007780472271708373
-0.007768087634500635
0.007753798803299443
-0.0077376154792031734
0.007719550433574095
-0.007699599961804953
0.007677758172059224
-0.007654040453038247
0.007628465349643133
-0.0076010270856550185
0.007571717581653294
-0.007540558035073888
0.007507572924963013
-0.007472754207158562
0.00743609137275775
-0.007397611603595865
0.00735734553359612
-0.007315282581649305
0.007271409488149845
-0.007225759658311055
0.007178370172947788
-0.007129227562084026
0.00707831540193277
-0.007025673635808416
0.006971346170254647
-0.00691531619723824
0.006857563605107881
-0.006798135282975362
0.006737082450213803
-0.006674384394395492
0.0066100166572971315
-0.006544033598252418
0.006476494374459735
-0.006407373658092052
0.0063366418160998575
-0.006264361352087033
0.006190600165290663
-0.006115327418412186
0.0060385072571928445
-0.0059602111992318975
0.005880516927707905
-0.005799386964409827
0.0057167778998352
-0.0056327713965033535
0.0055474562854730325
-0.005460787000620709
0.005372710853893462
-0.005283321140025995
0.005192719648534256
-0.005100850847662235
0.005007650505806527
-0.0049132255353522055
0.004817693130897316
-0.004720985312311523
0.004623023261955558
-0.004523930211095707
0.004423842139994154
-0.004322675259822406
0.00422033196843641
-0.004116955579414484
0.004012705661293241
-0.003907477935462825
0.0038011500255871493
-0.0036938907287909924
0.003585890266576267
-0.0034770171133217194
0.003367115211917181
-0.0032563868899081025
0.003145063884868834
-0.003032977226623239
0.002919923219337269
-0.002806150296038631
0.002691949404789122
-0.0025770978445828915
0.0024613208582108946
-0.002344933904103487
0.00222831827912247
-0.002111169533136596
0.001993098724656171
-0.0018745262159483708
0.0017559847342156962
-0.0016370347151726595
0.0015170823439822516
-0.0013967302311834356
0.001276803600175544
-0.0011566099892753126
0.0010351158521798793
-0.0009132955939348729
0.0007926955702754975
-0.0006720437824748414
0.0005489820806603029
-0.0004254889086393368
0.00030614976926376117
-0.00018797888311267757
0.00006398215478513595