1.0085089854927718e-6
-2.9632188303432167e-6
4.8267725281088314e-6
-6.709892981615974e-6
8.660154964115951e-6
-0.000010605700375924624
0.00001251574050079508
-0.000014427965943780699
0.00001636296434218617
-0.000018296747260814908
0.000020214325455129006
-0.00002213253202183854
0.000024062835886387638
-0.000025992589490419624
0.000027912640646519707
-0.000029832904712142975
0.00003176087527401817
-0.0000336884914938102
0.00003560945121625751
-0.00003753044939557959
0.00003945685718574908
-0.000041382977213395494
0.00004330413787169224
-0.00004522523985608185
0.000047150370184047784
-0.000049075231621822146
0.000050996185184699116
-0.0000529170143504001
0.00005484096123754478
-0.00005676463697127519
0.000058685104265832206
-0.00006060539631373123
0.0000625281649748894
-0.00006445064960232887
0.00006637041502862918
-0.00006828996221020158
0.00007021151167231976
-0.00007213275837685893
0.00007405164094102203
-0.00007597026675774727
0.00007789052993352726
-0.00007981046818128464
0.00008172830718241719
-0.0000836458536761133
0.00008556474774034915
-0.00008748329256084116
0.00008939993991632788
-0.00009131626076613731
0.00009323369292170322
-0.0000951507501244421
0.00009706606598142377
-0.00009898102251598129
0.00010089689338934336
-0.00010281236266454766
0.00010472621275707396
-0.00010663967153267783
0.00010855387727115389
-0.00011046765411988277
0.00011237990810787173
-0.00011429173937580401
0.00011620417299586546
-0.00011811614997916307
0.00012002668036662524
-0.00012193675706911511
0.00012384730935340466
-0.00012575737692802302
0.00012766605833707033
-0.00012957425543008196
0.0001314828155422152
-0.00013339086263630155
0.0001352975713072514
-0.00013720376529227518
0.00013911022120933705
-0.00014101613562927015
0.000142920749068923
-0.00014482481766225588
0.0001467290564863854
-0.00014863272521094156
0.00015053512194038567
-0.00015243694383537478
0.00015433885202294242
-0.00015624016142056684
0.00015814022079150268
-0.00016003967548486062
0.00016193913901844367
-0.0001638379750107559
0.00016573557706994304
-0.00016763254473330889
0.0001695294492530429
-0.00017142569744017368
0.00017332072282825808
-0.00017521508421218252
0.00017710931511783696
-0.0001790028608761124
0.00018089519075147154
-0.00018278682711302463
0.0001846782696446395
-0.00018656899820392974
0.00018845851418498465
-0.0001903473072329092
0.0001922358465354171
-0.00019412364304136862
0.00019601022716271837
-0.00019789605901562662
0.00019978158019154433
-0.00020166632975634203
0.00020354986443534722
-0.00020543261758996045
0.00020731500574280778
-0.00020919659348725596
0.00021107696149862536
-0.000212956518805603
0.00021483565907635637
-0.00021671397016515538
0.00021859105462176823
-0.00022046729926748494
0.0002223430768654522
-0.0002242179965372807
0.00022609168087581744
-0.00022796449636878666
0.00022983679659821326
-0.00023170821019159385
0.00023357837816203217
-0.00023544764832296412
0.0002373163566061933
-0.00023918414958211946
0.00024105068524023956
-0.00024291629419504647
0.0002447812960929197
-0.0002466453540548451
0.0002485081417571662
-0.0002503699739323095
0.00025223115516237037
-0.0002540913638740266
0.00025595028827473624
-0.0002578082283944269
0.0002596654748473395
-0.0002615217202488795
0.0002633766662983169
-0.00026523059938328365
0.0002670837971377654
-0.0002689359653604482
0.0002707868183049267
-0.00027263662967244064
0.00027448566500899436
-0.0002763336423887302
0.00027818028777140376
-0.00028002586303630376
0.0002818706224499402
-0.0002837142955398566
0.00028555661920246715
-0.0002873978442790794
0.0002892382144912285
-0.0002910774700734321
0.0002929153581588027
-0.00029475211926351927
0.00029658798723322254
-0.0002984227123298731
0.00030025605128500537
-0.00030208823493949575
0.0003039194878740219
-0.0003057495697578477
0.00030757824633751313
-0.00030940573937240305
0.0003112322647373488
-0.00031305759094167954
0.00031488149221246576
-0.00031670418177141813
0.00031852586730039763
-0.0003203463256287681
0.0003221653389734502
-0.0003239831125176491
0.000325799846221611
-0.00032761532475701833
0.0003294293378792575
-0.00033124208319211155
0.00033305375336833916
-0.00033486414048219433
0.0003366730414114846
-0.0003384806466036293
0.0003402871418444718
-0.0003420923262052975
0.0003438960033021207
-0.0003456983568166227
0.00034749956601799737
-0.00034929943659985264
0.0003510977785610324
-0.00035289476917873674
0.000354690581548416
-0.000356485027639172
0.0003582779235033715
-0.0003600694403484518
0.0003618597454141466
-0.0003636486566235478
0.0003654359957769021
-0.0003672219283224916
0.00036900661593982525
-0.0003707898822074014
0.0003725715543892492
-0.0003743517924632302
0.0003761307528235155
-0.00037790826442635103
0.00037968415973508495
-0.00038145859352590886
0.0003832317171638095
-0.00038500336472419277
0.00038677337362317903
-0.00038854189368581644
0.0003903090714869147
-0.0003920747459798789
0.0003938387593034216
-0.00039560125656532235
0.0003973623797735741
-0.000399121972534307
0.00040087988149370017
-0.00040263624726087703
0.00040439120748594014
-0.00040614461021714265
0.0004078963064067416
-0.0004096464323698372
0.0004113951215943536
-0.0004131422263734574
0.0004148876017768158
-0.0004166313800172294
0.00041837369060402106
-0.0004201143898903845
0.0004218533368863807
-0.00042359065988242404
0.0004253264845815795
-0.00042706067122356907
0.0004287930825926096
-0.0004305238432256735
0.00043225307518160363
-0.000433980642423641
0.0004357064113538202
-0.00043743050291458356
0.0004391530356729947
-0.0004408738771625071
0.0004425928972558307
-0.0004443102134504473
0.00044602594096527246
-0.0004477399507595949
0.0004494521160381858
-0.00045116255099451197
0.00045287136763474684
-0.00045457844020798137
0.00045628364512030503
-0.00045798709339410243
0.0004596888939506376
-0.000461388924200437
0.0004630870636275082
-0.0004647834202086617
0.00046647809990101665
-0.00046817098315533943
0.0004698619524169404
-0.00047155111273567904
0.0004732385672187065
-0.0004749241992425103
0.00047660789410340073
-0.0004782897540365006
0.0004799698794070627
-0.00048164815640893354
0.0004833244730850631
-0.0004849989289620444
0.0004866716217656102
-0.0004883424404043745
0.0004900112755690632
-0.000491678224178381
0.0004933433814155935
-0.0004950066388068789
0.0004966678895970116
-0.0004983272281922273
0.0004999847473254194
-0.0005016403410481671
0.0005032939050703452
-0.0005049455313763031
0.0005065953103359933
-0.0005082431384389161
0.0005098889137756228
-0.0005115327259945851
0.0005131746631859021
-0.0005148146241939302
0.0005164525094096501
-0.0005180884062274334
0.000519722400536518
-0.0005213543934571778
0.0005229842876045346
-0.000524612168196606
0.0005262381189969755
-0.000527862043326739
0.000529483845952566
-0.0005311036099901467
0.0005327214171490158
-0.0005343371728796047
0.0005359507840310397
-0.0005375623316871714
0.0005391718955717094
-0.0005407793831963783
0.0005423847034268999
-0.0005439879353824954
0.0005455891568660818
-0.0005471882773858452
0.0005487852077613073
-0.0005503800252111544
0.0005519728056795861
-0.0005535634606094
0.0005551519027140408
-0.0005567382073728125
0.0005583224487304571
-0.0005599045401053841
0.0005614843960478038
-0.0005630620901560258
0.0005646376948319521
-0.0005662111252132698
0.0005677822976323743
-0.0005693512839623736
0.0005709181549164379
-0.0005724828273977305
0.0005740452194686558
-0.0005756054013304704
0.0005771634420593673
-0.0005787192602725562
0.0005802727757125721
-0.0005818240569598534
0.0005833731715031152
-0.0005849200396244595
0.0005864645826988384
-0.0005880068677346928
0.0005895469606806892
-0.0005910847834367529
0.0005926202589645937
-0.0005941534527474302
0.0005956844292392797
-0.0005972131119128662
0.0005987394252729252
-0.0006002634333222356
0.0006017851990637213
-0.0006033046474997479
0.0006048217046361904
-0.0006063364330383455
0.0006078488942997601
-0.0006093590149111221
0.0006108667223392836
-0.0006123720777532525
0.0006138751413772232
-0.0006153758411505959
0.0006168741059626964
-0.0006183699956257472
0.0006198635690330351
-0.0006213547555346565
0.0006228434854054759
-0.0006243298171388572
0.0006258138083340832
-0.0006272953897154874
0.000628774492908012
-0.0006302511751225955
0.0006317254926999532
-0.0006331973777036678
0.0006346667630747007
-0.0006361337047765774
0.0006375982579255103
-0.000639060355890703
0.0006405199328964623
-0.0006419770436925121
0.0006434317422033282
-0.0006448839630714571
0.0006463336417730887
-0.0006477808318765282
0.0006492255861460023
-0.0006506678404663656
0.0006521075315354845
-0.0006535447117713482
0.0006549794328082697
-0.0006564116317435551
0.0006578412464677024
-0.0006592683282783248
0.0006606929277090069
-0.0006621149830407989
0.0006635344333288799
-0.0006649513287793224
0.0006663657188530672
-0.0006677775429873125
0.000669186741374994
-0.0006705933631584251
0.0006719974567529693
-0.0006733989627253893
0.0006747978223804732
-0.0006761940838235266
0.0006775877944504311
-0.0006789788959319023
0.0006803673306596508
-0.0006817531457277423
0.0006831363875377274
-0.0006845169988396368
0.0006858949230880496
-0.0006872702063906543
0.0006886428941789356
-0.0006900129302584636
0.0006913802591235341
-0.0006927449259194434
0.000694106975130978
-0.0006954663515963723
0.0006968230008273
-0.0006981769670297836
0.0006995282937645175
-0.0007008769268803044
0.0007022228128846586
-0.0007035659950666686
0.0007049065160847063
-0.0007062443227768721
0.0007075793626257412
-0.0007089116780250059
0.0007102413107517709
-0.0007115682086128848
0.000712892320045948
-0.000714213686570066
0.000715532349101398
-0.0007168482563957232
0.0007181613578263147
-0.0007194716940577934
0.0007207793051650118
-0.000722084140833541
0.000723386151353656
-0.0007246853765549148
0.0007259818556898446
-0.0007272755393553212
0.0007285663787405906
-0.0007298544128589156
0.0007311396801588311
-0.0007324221321307152
0.0007337017208453272
-0.0007349784845177913
0.0007362524608104025
-0.0007375236020897683
0.000738791861291367
-0.0007400572758497132
0.0007413198826580134
-0.0007425796349424678
0.0007438364864869811
-0.0007450904739624512
0.0007463416335095786
-0.0007475899191980741
0.0007488352856445256
-0.0007500777687726443
0.0007513174039866996
-0.0007525541461843166
0.0007537879507995952
-0.0007550188530249383
0.0007562468875437099
-0.0007574720100664298
0.0007586941768299954
-0.0007599134223108727
0.0007611297804865805
-0.0007623432078659809
0.000763553661474529
-0.0007647611750876565
0.0007659657819916206
-0.0007671674394795299
0.000768366105351636
-0.0007695618126967717
0.0007707545941240157
-0.0007719444076971253
0.0007731312119778322
-0.0007743150393823117
0.0007754959218561758
-0.0007766738182206102
0.0007778486877859527
-0.0007790205623092719
0.0007801894730859076
-0.0007813553796817643
0.0007825182421432793
-0.0007836780915815233
0.00078483495865443
-0.0007859888036602385
0.0007871395873694149
-0.0007882873402597355
0.000789432092364163
-0.0007905738047013229
0.000791712438754004
-0.0007928480243790129
0.0007939805909963878
-0.0007951101003335526
0.0007962365145743027
-0.0007973598629663986
0.0007984801743286599
-0.0007995974110860942
0.0008007115361125042
-0.0008018225780581981
0.0008029305651521091
-0.0008040354605059574
0.0008051372276729236
-0.0008062358947170827
0.0008073314892884947
-0.0008084239751750409
0.0008095133165989851
-0.000810599541049063
0.0008116826756070995
-0.0008127626847269706
0.0008138395332900148
-0.0008149132482201883
0.0008159838560414488
-0.0008170513218637537
0.0008181156112178512
-0.0008191767504731563
0.0008202347656058091
-0.0008212896223722511
0.0008223412869432598
-0.0008233897851436635
0.0008244351424115095
-0.0008254773251404441
0.0008265163001321759
-0.0008275520926765862
0.000828584727683099
-0.0008296141721735433
0.0008306403935717358
-0.0008316634166419921
0.0008326832657742651
-0.0008336999086098577
0.0008347133131861223
-0.000835723503750902
0.0008367305041835938
-0.0008377342827364931
0.0008387348080522195
-0.0008397321038709311
0.0008407261935701367
-0.0008417170460049024
0.0008427046304150625
-0.0008436889700416777
0.0008446700877687476
-0.0008456479530461499
0.0008466225357031242
-0.0008475938584899507
0.0008485619438052673
-0.0008495267616860433
0.0008504882825433528
-0.0008514465286447675
0.000852401521911494
-0.0008533532329600555
0.0008543016327760632
-0.0008552467431522141
0.0008561885855399231
-0.0008571271311280645
0.0008580623514696194
-0.0008589942678900091
0.0008599229013783769
-0.0008608482236888362
0.0008617702069348596
-0.0008626888719819921
0.0008636042393643244
-0.0008645162813943842
0.0008654249707394317
-0.0008663303278123074
0.0008672323726990859
-0.0008681310782640771
0.0008690264177218189
-0.0008699184110394334
0.0008708070778617909
-0.0008716923915985586
0.0008725743260052477
-0.0008734529006100104
0.0008743281346231657
-0.0008752000019934781
0.0008760684770113222
-0.0008769335787724528
0.0008777953260590724
-0.0008786536933529993
0.000879508655473517
-0.0008803602310903691
0.0008812084385639143
-0.0008820532529031154
0.0008828946494504272
-0.0008837326464557816
0.0008845672618637494
-0.0008853984712047495
0.0008862262503388263
-0.000887050617102113
0.0008878715890292772
-0.0008886891421666797
0.0008895032528865298
-0.000890313938616985
0.0008911212164885786
-0.0008919250630582151
0.0008927254552050109
-0.0008935224099548521
0.0008943159440396545
-0.0008951060345216835
0.0008958926587818755
-0.000896675833449331
0.0008974555748627594
-0.0008982318605847392
0.0008990046684930722
-0.0008997740148254212
0.0009005399155325317
-0.0009013023486723978
0.0009020612926149049
-0.0009028167632114546
0.0009035687760299121
-0.0009043173096189405
0.0009050623428358563
-0.000905803891150854
0.0009065419697538412
-0.0009072765576795413
0.0009080076342682074
-0.0009087352146136957
0.0009094593135327556
-0.0009101799105417062
0.000910896985459386
-0.0009116105530080267
0.0009123206276358833
-0.000913027189336546
0.0009137302184031654
-0.0009144297291910133
0.0009151257357843084
-0.0009158182186497268
0.0009165071585506685
-0.000917192569479844
0.0009178744651618325
-0.0009185528265323479
0.000919227634821046
-0.0009198989036624174
0.0009205666464256329
-0.0009212308445114925
0.0009218914796120717
-0.0009225485650078427
0.0009232021137166651
-0.000923852107600617
0.0009244985288104697
-0.00092514139027673
0.0009257807046699143
-0.0009264164543097208
0.0009270486218019791
-0.0009276772197311917
0.0009283022604243879
-0.0009289237266552794
0.0009295416014813063
-0.0009301558971447467
0.0009307666256328811
-0.0009313737701700053
0.0009319773142617603
-0.0009325772698119052
0.0009331736484715909
-0.0009337664339123344
0.0009343556100847311
-0.0009349411885575928
0.0009355231806494252
-0.0009361015704757359
0.0009366763424289374
-0.0009372475077463274
0.0009378150774171635
-0.0009383790359978217
0.0009389393683194518
-0.0009394960852912136
0.0009400491975763725
-0.0009405986901691552
0.0009411445483365066
-0.0009416867826626702
0.0009422254034880917
-0.0009427603962419379
0.0009432917466240809
-0.0009438194648969949
0.0009443435610813439
-0.0009448640210384084
0.00094538083089828
-0.0009458940006046468
0.0009464035398613505
-0.0009469094349590718
0.000947411672455463
-0.0009479102619783568
0.0009484052129176082
-0.0009488965119906712
0.0009493841461802128
-0.0009498681248010109
0.0009503484569316805
-0.0009508251297139411
0.0009512981305529997
-0.000951767468453284
0.0009522331521848261
-0.0009526951693111747
0.0009531535076576892
-0.0009536081759210929
0.000954059182565346
-0.0009545065155734972
0.0009549501631888098
-0.0009553901338027733
0.0009558264355757529
-0.000956259056908033
0.0009566879864585855
-0.0009571132323161068
0.0009575348023396937
-0.0009579526853447164
0.0009583668704037598
-0.0009587773653050404
0.0009591841776086613
-0.000959587296542984
0.0009599867115922003
-0.0009603824302462699
0.0009607744597684726
-0.0009611627897981797
0.0009615474102292479
-0.0009619283282555258
0.0009623055508455327
-0.0009626790680477699
0.000963048870163885
-0.0009634149640936732
0.0009637773565128897
-0.0009641360378773118
0.0009644909988946578
-0.0009648422461725877
0.000965189786096007
-0.0009655336095262387
0.0009658737075753527
-0.0009662100865607882
0.0009665427525783885
-0.0009668716968933477
0.0009671969110205166
-0.000967518400988855
0.0009678361726068948
-0.0009681502175421307
0.0009684605277106429
-0.0009687671088546303
0.0009690699664969436
-0.0009693690927058583
0.0009696644797972475
-0.0009699561332281708
0.000970244058237342
-0.0009705282472924101
0.0009708086931076469
-0.0009710854008564996
0.0009713583754950286
-0.0009716276098889058
0.0009718930971495074
-0.0009721548421680993
0.0009724128496195111
-0.0009726671127661231
0.0009729176251152154
-0.0009731643912772503
0.0009734074156470771
-0.0009736466918826625
0.0009738822138859937
-0.000974113985988002
0.0009743420123048477
-0.0009745662868888788
0.0009747868040357494
-0.0009750035677980875
0.000975216582014472
-0.0009754258411306079
0.000975631339834795
-0.000975833081902486
0.0009760310708957483
-0.0009762253016526618
0.0009764157692532493
-0.0009766024771967958
0.0009767854287699089
-0.0009769646192020914
0.000977140043964235
-0.000977311706280432
0.0009774796091627143
-0.000977643748231211
0.000977804119346847
-0.0009779607254594667
0.0009781135693073357
-0.0009782626469004103
0.0009784079544889795
-0.0009785494947493834
0.0009786872701469278
-0.0009788212770807227
0.0009789515121897212
-0.0009790779778775266
0.0009792006763371666
-0.000979319604356223
0.000979434758961751
-0.0009795461422853358
0.0009796537562482457
-0.0009797575980260455
0.0009798576650333962
-0.0009799539591303088
0.0009800464819669798
-0.0009801352311063773
0.0009802202043503363
-0.0009803014032878563
0.000980378829298448
-0.000980452480332114
0.0009805223545774
-0.000980588453352815
0.000980650777767505
-0.0009807093261581887
0.000980764097099793
-0.0009808150916406958
0.000980862310620039
-0.000980905752760859
0.0009809454170243812
-0.0009809813041889426
0.0009810134148239497
-0.0009810417480387893
0.0009810663031803765
-0.0009810870807577111
0.0009811040810701666
-0.0009811173036136525
0.0009811267481204058
-0.0009811324148324358
0.0009811343037729274
-0.0009811324148324358
0.0009811267481204058
-0.0009811173036136525
0.0009811040810701666
-0.0009810870807577111
0.0009810663031803765
-0.0009810417480387893
0.0009810134148239497
-0.0009809813041889426
0.0009809454170243812
-0.000980905752760859
0.000980862310620039
-0.0009808150916406958
0.000980764097099793
-0.0009807093261581887
0.000980650777767505
-0.000980588453352815
0.0009805223545774
-0.000980452480332114
0.000980378829298448
-0.0009803014032878563
0.0009802202043503363
-0.0009801352311063773
0.0009800464819669798
-0.0009799539591303088
0.0009798576650333962
-0.0009797575980260455
0.0009796537562482457
-0.0009795461422853358
0.000979434758961751
-0.000979319604356223
0.0009792006763371666
-0.0009790779778775266
0.0009789515121897212
-0.0009788212770807227
0.0009786872701469278
-0.0009785494947493834
0.0009784079544889795
-0.0009782626469004103
0.0009781135693073357
-0.0009779607254594667
0.000977804119346847
-0.000977643748231211
0.0009774796091627143
-0.000977311706280432
0.000977140043964235
-0.0009769646192020914
0.0009767854287699089
-0.0009766024771967958
0.0009764157692532493
-0.0009762253016526618
0.0009760310708957483
-0.000975833081902486
0.000975631339834795
-0.0009754258411306079
0.000975216582014472
-0.0009750035677980875
0.0009747868040357494
-0.0009745662868888788
0.0009743420123048477
-0.000974113985988002
0.0009738822138859937
-0.0009736466918826625
0.0009734074156470771
-0.0009731643912772503
0.0009729176251152154
-0.0009726671127661231
0.0009724128496195111
-0.0009721548421680993
0.0009718930971495074
-0.0009716276098889058
0.0009713583754950286
-0.0009710854008564996
0.0009708086931076469
-0.0009705282472924101
0.000970244058237342
-0.0009699561332281708
0.0009696644797972475
-0.0009693690927058583
0.0009690699664969436
-0.0009687671088546303
0.0009684605277106429
-0.0009681502175421307
0.0009678361726068948
-0.000967518400988855
0.0009671969110205166
-0.0009668716968933477
0.0009665427525783885
-0.0009662100865607882
0.0009658737075753527
-0.0009655336095262387
0.000965189786096007
-0.0009648422461725877
0.0009644909988946578
-0.0009641360378773118
0.0009637773565128897
-0.0009634149640936732
0.000963048870163885
-0.0009626790680477699
0.0009623055508455327
-0.0009619283282555258
0.0009615474102292479
-0.0009611627897981797
0.0009607744597684726
-0.0009603824302462699
0.0009599867115922003
-0.000959587296542984
0.0009591841776086613
-0.0009587773653050404
0.0009583668704037598
-0.0009579526853447164
0.0009575348023396937
-0.0009571132323161068
0.0009566879864585855
-0.000956259056908033
0.0009558264355757529
-0.0009553901338027733
0.0009549501631888098
-0.0009545065155734972
0.000954059182565346
-0.0009536081759210929
0.0009531535076576892
-0.0009526951693111747
0.0009522331521848261
-0.000951767468453284
0.0009512981305529997
-0.0009508251297139411
0.0009503484569316805
-0.0009498681248010109
0.0009493841461802128
-0.0009488965119906712
0.0009484052129176082
-0.0009479102619783568
0.000947411672455463
-0.0009469094349590718
0.0009464035398613505
-0.0009458940006046468
0.00094538083089828
-0.0009448640210384084
0.0009443435610813439
-0.0009438194648969949
0.0009432917466240809
-0.0009427603962419379
0.0009422254034880917
-0.0009416867826626702
0.0009411445483365066
-0.0009405986901691552
0.0009400491975763725
-0.0009394960852912136
0.0009389393683194518
-0.0009383790359978217
0.0009378150774171635
-0.0009372475077463274
0.0009366763424289374
-0.0009361015704757359
0.0009355231806494252
-0.0009349411885575928
0.0009343556100847311
-0.0009337664339123344
0.0009331736484715909
-0.0009325772698119052
0.0009319773142617603
-0.0009313737701700053
0.0009307666256328811
-0.0009301558971447467
0.0009295416014813063
-0.0009289237266552794
0.0009283022604243879
-0.0009276772197311917
0.0009270486218019791
-0.0009264164543097208
0.0009257807046699143
-0.00092514139027673
0.0009244985288104697
-0.000923852107600617
0.0009232021137166651
-0.0009225485650078427
0.0009218914796120717
-0.0009212308445114925
0.0009205666464256329
-0.0009198989036624174
0.000919227634821046
-0.0009185528265323479
0.0009178744651618325
-0.000917192569479844
0.0009165071585506685
-0.0009158182186497268
0.0009151257357843084
-0.0009144297291910133
0.0009137302184031654
-0.000913027189336546
0.0009123206276358833
-0.0009116105530080267
0.000910896985459386
-0.0009101799105417062
0.0009094593135327556
-0.0009087352146136957
0.0009080076342682074
-0.0009072765576795413
0.0009065419697538412
-0.000905803891150854
0.0009050623428358563
-0.0009043173096189405
0.0009035687760299121
-0.0009028167632114546
0.0009020612926149049
-0.0009013023486723978
0.0009005399155325317
-0.0008997740148254212
0.0008990046684930722
-0.0008982318605847392
0.0008974555748627594
-0.000896675833449331
0.0008958926587818755
-0.0008951060345216835
0.0008943159440396545
-0.0008935224099548521
0.0008927254552050109
-0.0008919250630582151
0.0008911212164885786
-0.000890313938616985
0.0008895032528865298
-0.0008886891421666797
0.0008878715890292772
-0.000887050617102113
0.0008862262503388263
-0.0008853984712047495
0.0008845672618637494
-0.0008837326464557816
0.0008828946494504272
-0.0008820532529031154
0.0008812084385639143
-0.0008803602310903691
0.000879508655473517
-0.0008786536933529993
0.0008777953260590724
-0.0008769335787724528
0.0008760684770113222
-0.0008752000019934781
0.0008743281346231657
-0.0008734529006100104
0.0008725743260052477
-0.0008716923915985586
0.0008708070778617909
-0.0008699184110394334
0.0008690264177218189
-0.0008681310782640771
0.0008672323726990859
-0.0008663303278123074
0.0008654249707394317
-0.0008645162813943842
0.0008636042393643244
-0.0008626888719819921
0.0008617702069348596
-0.0008608482236888362
0.0008599229013783769
-0.0008589942678900091
0.0008580623514696194
-0.0008571271311280645
0.0008561885855399231
-0.0008552467431522141
0.0008543016327760632
-0.0008533532329600555
0.000852401521911494
-0.0008514465286447675
0.0008504882825433528
-0.0008495267616860433
0.0008485619438052673
-0.0008475938584899507
0.0008466225357031242
-0.0008456479530461499
0.0008446700877687476
-0.0008436889700416777
0.0008427046304150625
-0.0008417170460049024
0.0008407261935701367
-0.0008397321038709311
0.0008387348080522195
-0.0008377342827364931
0.0008367305041835938
-0.000835723503750902
0.0008347133131861223
-0.0008336999086098577
0.0008326832657742651
-0.0008316634166419921
0.0008306403935717358
-0.0008296141721735433
0.000828584727683099
-0.0008275520926765862
0.0008265163001321759
-0.0008254773251404441
0.0008244351424115095
-0.0008233897851436635
0.0008223412869432598
-0.0008212896223722511
0.0008202347656058091
-0.0008191767504731563
0.0008181156112178512
-0.0008170513218637537
0.0008159838560414488
-0.0008149132482201883
0.0008138395332900148
-0.0008127626847269706
0.0008116826756070995
-0.000810599541049063
0.0008095133165989851
-0.0008084239751750409
0.0008073314892884947
-0.0008062358947170827
0.0008051372276729236
-0.0008040354605059574
0.0008029305651521091
-0.0008018225780581981
0.0008007115361125042
-0.0007995974110860942
0.0007984801743286599
-0.0007973598629663986
0.0007962365145743027
-0.0007951101003335526
0.0007939805909963878
-0.0007928480243790129
0.000791712438754004
-0.0007905738047013229
0.000789432092364163
-0.0007882873402597355
0.0007871395873694149
-0.0007859888036602385
0.00078483495865443
-0.0007836780915815233
0.0007825182421432793
-0.0007813553796817643
0.0007801894730859076
-0.0007790205623092719
0.0007778486877859527
-0.0007766738182206102
0.0007754959218561758
-0.0007743150393823117
0.0007731312119778322
-0.0007719444076971253
0.0007707545941240157
-0.0007695618126967717
0.000768366105351636
-0.0007671674394795299
0.0007659657819916206
-0.0007647611750876565
0.000763553661474529
-0.0007623432078659809
0.0007611297804865805
-0.0007599134223108727
0.0007586941768299954
-0.0007574720100664298
0.0007562468875437099
-0.0007550188530249383
0.0007537879507995952
-0.0007525541461843166
0.0007513174039866996
-0.0007500777687726443
0.0007488352856445256
-0.0007475899191980741
0.0007463416335095786
-0.0007450904739624512
0.0007438364864869811
-0.0007425796349424678
0.0007413198826580134
-0.0007400572758497132
0.000738791861291367
-0.0007375236020897683
0.0007362524608104025
-0.0007349784845177913
0.0007337017208453272
-0.0007324221321307152
0.0007311396801588311
-0.0007298544128589156
0.0007285663787405906
-0.0007272755393553212
0.0007259818556898446
-0.0007246853765549148
0.000723386151353656
-0.000722084140833541
0.0007207793051650118
-0.0007194716940577934
0.0007181613578263147
-0.0007168482563957232
0.000715532349101398
-0.000714213686570066
0.000712892320045948
-0.0007115682086128848
0.0007102413107517709
-0.0007089116780250059
0.0007075793626257412
-0.0007062443227768721
0.0007049065160847063
-0.0007035659950666686
0.0007022228128846586
-0.0007008769268803044
0.0006995282937645175
-0.0006981769670297836
0.0006968230008273
-0.0006954663515963723
0.000694106975130978
-0.0006927449259194434
0.0006913802591235341
-0.0006900129302584636
0.0006886428941789356
-0.0006872702063906543
0.0006858949230880496
-0.0006845169988396368
0.0006831363875377274
-0.0006817531457277423
0.0006803673306596508
-0.0006789788959319023
0.0006775877944504311
-0.0006761940838235266
0.0006747978223804732
-0.0006733989627253893
0.0006719974567529693
-0.0006705933631584251
0.000669186741374994
-0.0006677775429873125
0.0006663657188530672
-0.0006649513287793224
0.0006635344333288799
-0.0006621149830407989
0.0006606929277090069
-0.0006592683282783248
0.0006578412464677024
-0.0006564116317435551
0.0006549794328082697
-0.0006535447117713482
0.0006521075315354845
-0.0006506678404663656
0.0006492255861460023
-0.0006477808318765282
0.0006463336417730887
-0.0006448839630714571
0.0006434317422033282
-0.0006419770436925121
0.0006405199328964623
-0.000639060355890703
0.0006375982579255103
-0.0006361337047765774
0.0006346667630747007
-0.0006331973777036678
0.0006317254926999532
-0.0006302511751225955
0.000628774492908012
-0.0006272953897154874
0.0006258138083340832
-0.0006243298171388572
0.0006228434854054759
-0.0006213547555346565
0.0006198635690330351
-0.0006183699956257472
0.0006168741059626964
-0.0006153758411505959
0.0006138751413772232
-0.0006123720777532525
0.0006108667223392836
-0.0006093590149111221
0.0006078488942997601
-0.0006063364330383455
0.0006048217046361904
-0.0006033046474997479
0.0006017851990637213
-0.0006002634333222356
0.0005987394252729252
-0.0005972131119128662
0.0005956844292392797
-0.0005941534527474302
0.0005926202589645937
-0.0005910847834367529
0.0005895469606806892
-0.0005880068677346928
0.0005864645826988384
-0.0005849200396244595
0.0005833731715031152
-0.0005818240569598534
0.0005802727757125721
-0.0005787192602725562
0.0005771634420593673
-0.0005756054013304704
0.0005740452194686558
-0.0005724828273977305
0.0005709181549164379
-0.0005693512839623736
0.0005677822976323743
-0.0005662111252132698
0.0005646376948319521
-0.0005630620901560258
0.0005614843960478038
-0.0005599045401053841
0.0005583224487304571
-0.0005567382073728125
0.0005551519027140408
-0.0005535634606094
0.0005519728056795861
-0.0005503800252111544
0.0005487852077613073
-0.0005471882773858452
0.0005455891568660818
-0.0005439879353824954
0.0005423847034268999
-0.0005407793831963783
0.0005391718955717094
-0.0005375623316871714
0.0005359507840310397
-0.0005343371728796047
0.0005327214171490158
-0.0005311036099901467
0.000529483845952566
-0.000527862043326739
0.0005262381189969755
-0.000524612168196606
0.0005229842876045346
-0.0005213543934571778
0.000519722400536518
-0.0005180884062274334
0.0005164525094096501
-0.0005148146241939302
0.0005131746631859021
-0.0005115327259945851
0.0005098889137756228
-0.0005082431384389161
0.0005065953103359933
-0.0005049455313763031
0.0005032939050703452
-0.0005016403410481671
0.0004999847473254194
-0.0004983272281922273
0.0004966678895970116
-0.0004950066388068789
0.0004933433814155935
-0.000491678224178381
0.0004900112755690632
-0.0004883424404043745
0.0004866716217656102
-0.0004849989289620444
0.0004833244730850631
-0.00048164815640893354
0.0004799698794070627
-0.0004782897540365006
0.00047660789410340073
-0.0004749241992425103
0.0004732385672187065
-0.00047155111273567904
0.0004698619524169404
-0.00046817098315533943
0.00046647809990101665
-0.0004647834202086617
0.0004630870636275082
-0.000461388924200437
0.0004596888939506376
-0.00045798709339410243
0.00045628364512030503
-0.00045457844020798137
0.00045287136763474684
-0.00045116255099451197
0.0004494521160381858
-0.0004477399507595949
0.00044602594096527246
-0.0004443102134504473
0.0004425928972558307
-0.0004408738771625071
0.0004391530356729947
-0.00043743050291458356
0.0004357064113538202
-0.000433980642423641
0.00043225307518160363
-0.0004305238432256735
0.0004287930825926096
-0.00042706067122356907
0.0004253264845815795
-0.00042359065988242404
0.0004218533368863807
-0.0004201143898903845
0.00041837369060402106
-0.0004166313800172294
0.0004148876017768158
-0.0004131422263734574
0.0004113951215943536
-0.0004096464323698372
0.0004078963064067416
-0.00040614461021714265
0.00040439120748594014
-0.00040263624726087703
0.00040087988149370017
-0.000399121972534307
0.0003973623797735741
-0.00039560125656532235
0.0003938387593034216
-0.0003920747459798789
0.0003903090714869147
-0.00038854189368581644
0.00038677337362317903
-0.00038500336472419277
0.0003832317171638095
-0.00038145859352590886
0.00037968415973508495
-0.00037790826442635103
0.0003761307528235155
-0.0003743517924632302
0.0003725715543892492
-0.0003707898822074014
0.00036900661593982525
-0.0003672219283224916
0.0003654359957769021
-0.0003636486566235478
0.0003618597454141466
-0.0003600694403484518
0.0003582779235033715
-0.000356485027639172
0.000354690581548416
-0.00035289476917873674
0.0003510977785610324
-0.00034929943659985264
0.00034749956601799737
-0.0003456983568166227
0.0003438960033021207
-0.0003420923262052975
0.0003402871418444718
-0.0003384806466036293
0.0003366730414114846
-0.00033486414048219433
0.00033305375336833916
-0.00033124208319211155
0.0003294293378792575
-0.00032761532475701833
0.000325799846221611
-0.0003239831125176491
0.0003221653389734502
-0.0003203463256287681
0.00031852586730039763
-0.00031670418177141813
0.00031488149221246576
-0.00031305759094167954
0.0003112322647373488
-0.00030940573937240305
0.00030757824633751313
-0.0003057495697578477
0.0003039194878740219
-0.00030208823493949575
0.00030025605128500537
-0.0002984227123298731
0.00029658798723322254
-0.00029475211926351927
0.0002929153581588027
-0.0002910774700734321
0.0002892382144912285
-0.0002873978442790794
0.00028555661920246715
-0.0002837142955398566
0.0002818706224499402
-0.00028002586303630376
0.00027818028777140376
-0.0002763336423887302
0.00027448566500899436
-0.00027263662967244064
0.0002707868183049267
-0.0002689359653604482
0.0002670837971377654
-0.00026523059938328365
0.0002633766662983169
-0.0002615217202488795
0.0002596654748473395
-0.0002578082283944269
0.00025595028827473624
-0.0002540913638740266
0.00025223115516237037
-0.0002503699739323095
0.0002485081417571662
-0.0002466453540548451
0.0002447812960929197
-0.00024291629419504647
0.00024105068524023956
-0.00023918414958211946
0.0002373163566061933
-0.00023544764832296412
0.00023357837816203217
-0.00023170821019159385
0.00022983679659821326
-0.00022796449636878666
0.00022609168087581744
-0.0002242179965372807
0.0002223430768654522
-0.00022046729926748494
0.00021859105462176823
-0.00021671397016515538
0.00021483565907635637
-0.000212956518805603
0.00021107696149862536
-0.00020919659348725596
0.00020731500574280778
-0.00020543261758996045
0.00020354986443534722
-0.00020166632975634203
0.00019978158019154433
-0.00019789605901562662
0.00019601022716271837
-0.00019412364304136862
0.0001922358465354171
-0.0001903473072329092
0.00018845851418498465
-0.00018656899820392974
0.0001846782696446395
-0.00018278682711302463
0.00018089519075147154
-0.0001790028608761124
0.00017710931511783696
-0.00017521508421218252
0.00017332072282825808
-0.00017142569744017368
0.0001695294492530429
-0.00016763254473330889
0.00016573557706994304
-0.0001638379750107559
0.00016193913901844367
-0.00016003967548486062
0.00015814022079150268
-0.00015624016142056684
0.00015433885202294242
-0.00015243694383537478
0.00015053512194038567
-0.00014863272521094156
0.0001467290564863854
-0.00014482481766225588
0.000142920749068923
-0.00014101613562927015
0.00013911022120933705
-0.00013720376529227518
0.0001352975713072514
-0.00013339086263630155
0.0001314828155422152
-0.00012957425543008196
0.00012766605833707033
-0.00012575737692802302
0.00012384730935340466
-0.00012193675706911511
0.00012002668036662524
-0.00011811614997916307
0.00011620417299586546
-0.00011429173937580401
0.00011237990810787173
-0.00011046765411988277
0.00010855387727115389
-0.00010663967153267783
0.00010472621275707396
-0.00010281236266454766
0.00010089689338934336
-0.00009898102251598129
0.00009706606598142377
-0.0000951507501244421
0.00009323369292170322
-0.00009131626076613731
0.00008939993991632788
-0.00008748329256084116
0.00008556474774034915
-0.0000836458536761133
0.00008172830718241719
-0.00007981046818128464
0.00007789052993352726
-0.00007597026675774727
0.00007405164094102203
-0.00007213275837685893
0.00007021151167231976
-0.00006828996221020158
0.00006637041502862918
-0.00006445064960232887
0.0000625281649748894
-0.00006060539631373123
0.000058685104265832206
-0.00005676463697127519
0.00005484096123754478
-0.0000529170143504001
0.000050996185184699116
-0.000049075231621822146
0.000047150370184047784
-0.00004522523985608185
0.00004330413787169224
-0.000041382977213395494
0.00003945685718574908
-0.00003753044939557959
0.00003560945121625751
-0.0000336884914938102
0.00003176087527401817
-0.000029832904712142975
0.000027912640646519707
-0.000025992589490419624
0.000024062835886387638
-0.00002213253202183854
0.000020214325455129006
-0.000018296747260814908
0.00001636296434218617
-0.000014427965943780699
0.00001251574050079508
-0.000010605700375924624
8.660154964115951e-6
-6.709892981615974e-6
4.8267725281088314e-6
-2.9632188303432167e-6
1.0085089854927718e-6