6.456071397169651e-7
-1.8969350968874926e-6
3.0899110148557673e-6
-4.295417039737289e-6
5.54391052975486e-6
-6.7893923554036435e-6
8.012154278467662e-6
-9.236326245382502e-6
0.000010475089632463817
-0.000011713089439309013
0.000012940731532545217
-0.000014168793806652037
0.000015404620276070694
-0.00001664011583872357
0.000017869422945904873
-0.000019098891099579297
0.0000203333195204997
-0.00002156754927904278
0.000022797547247132167
-0.000024027601409518322
0.000025261152341473777
-0.000026494554055324478
0.0000277248171851196
-0.00002895508115199542
0.00003018796452397356
-0.00003142071757846969
0.00003265101194752722
-0.000033881271898267535
0.00003511357516975683
-0.000036345753490128044
0.00003757592764886457
-0.00003880604165085601
0.00004003779541345441
-0.0000412694227897897
0.00004249936596584965
-0.00004372922826756754
0.00004496043352480971
-0.00004619150721430007
0.000047421130766397783
-0.00004865065559834145
0.000049881296613252134
-0.00005111179866627566
0.00005234102691890624
-0.000053570140354678804
0.000054800191289438415
-0.00005603009448792499
0.00005725885981557603
-0.00005848749535013423
0.0000597169239544935
-0.000060946195148548893
0.00006217443516365883
-0.00006340253115774428
0.00006463130093989452
-0.00006585990303001752
0.00006708755888837758
-0.00006831505701543764
0.00006954312858182437
-0.00007077102175174756
0.00007199803708643254
-0.00007322488134874701
0.00007445221326445332
-0.00007567935577797482
0.00007690567600416272
-0.00007813181208733504
0.00007935836144756649
-0.00008058471018089125
0.00008181028202830811
-0.00008303565686503953
0.00008426137968593586
-0.00008548689049338927
0.00008671166168361792
-0.00008793622315123215
0.00008916107464403503
-0.00009038570261578552
0.00009160962163435861
-0.0000928333183403922
0.00009405725310812147
-0.00009528095275577653
0.00009650396868801947
-0.00009772674981525378
0.00009894972199672517
-0.00010017244738966683
0.00010139450980039637
-0.00010261632499298938
0.00010383828837015325
-0.00010505999323751232
0.00010628105208151206
-0.00010750185136005414
0.00010872275943937553
-0.00010994339724751556
0.00011116340280210408
-0.00011238313649940818
0.00011360294257450937
-0.00011482246658685885
0.00011604136940039414
-0.00011725998811250105
0.00011847864531302922
-0.0001196970086368847
0.00012091475948915162
-0.0001221322140374513
0.00012334967536778497
-0.0001245668309914522
0.00012578338086285866
-0.00012699962226468
0.00012821584063492806
-0.0001294317414575043
0.0001306470415050077
-0.00013186202095057835
0.00013307694920168848
-0.00013429154805732246
0.00013550554959546783
-0.00013671921842973487
0.00013793280935413794
-0.00013914605903190983
0.00014035871351786487
-0.00014157102322617565
0.00014278322958487924
-0.00014399508284537225
0.0001452063418670587
-0.00014641724406375088
0.0001476280186006776
-0.00014883842818987775
0.00015004824345655338
-0.00015125768987595076
0.00015246698533009855
-0.00015367590399119042
0.00015488422732600794
-0.0001560921698152727
0.00015729993893108933
-0.00015850731941460122
0.00015971410274868015
-0.00016092049326215616
0.00016212668879857434
-0.00016333248387111516
0.0001645376792389326
-0.00016574246983371612
0.00016694704457196908
-0.00016815120702390804
0.00016935476655969778
-0.00017055790939219807
0.0001717608161427498
-0.00017296329879499343
0.00017416517472995123
-0.00017536662205326167
0.0001765678136619586
-0.00017776856937196022
0.00017896871403219264
-0.00018016841819411852
0.0001813678475477056
-0.00018256682921489575
0.0001837651950199021
-0.00018496310846155927
0.00018616072849267088
-0.0001873578890633535
0.0001885544285250067
-0.00018975050377986234
0.0001909462674715785
-0.00019214155994341805
0.00019333622566531814
-0.00019453041535862778
0.00019572427574865927
-0.00019691765317478792
0.00019811039785199125
-0.00019930265470055077
0.00020049456488509823
-0.00020168598037795672
0.00020287675679692873
-0.00020406703360910687
0.00020525694674648065
-0.00020644635348136535
0.00020763511452022036
-0.00020882336419622517
0.00021001123351021306
-0.0002111985847286278
0.00021238528335754893
-0.000213571458889879
0.0002147572376729467
-0.00021594248668574834
0.0002171270759675754
-0.00021831113044163124
0.00021949477205794566
-0.00022067787224835955
0.00022186030533933684
-0.00022304219193421313
0.0002242236498225083
-0.00022540455464895972
0.00022658478479961567
-0.00022776445678897268
0.00022894368446531822
-0.00023012234746417836
0.0002313003280202964
-0.000232477738773355
0.00023365468983381198
-0.00023483106462203596
0.00023600674902570802
-0.00023718185200834708
0.00023835648013149474
-0.0002395305204091612
0.00024070386219996622
-0.0002418766109758872
0.00024304886992532676
-0.0002442205294780765
0.0002453914822942929
-0.0002465618305262352
0.0002477316741529766
-0.0002489009068544196
0.00025006942443429886
-0.0002512373258853671
0.00025240470813016157
-0.0002535714679441924
0.0002547375041273124
-0.0002559029126622861
0.0002570677875579114
-0.0002582320285409812
0.0002593955372696181
-0.0002605584068563609
0.00026172072852984513
-0.00026288240483318996
0.00026404334015373536
-0.0002652036248646212
0.0002663633475394343
-0.0002675224134112349
0.0002686807294756639
-0.0002698383834890248
0.00027099546148721753
-0.0002721518712747411
0.00027330752234209534
-0.0002744624999437348
0.00027561688768804217
-0.00027677059583976725
0.00027792353627765197
-0.0002790757918623473
0.00028022744387826615
-0.0002813784049459117
0.00028252858923205875
-0.00028367807730510355
0.00028482694822294674
-0.0002859751168635363
0.00028712249958734
-0.0002882691747660976
0.00028941521932300106
-0.0002905605503008677
0.00029170508616496087
-0.0002928489031804569
0.00029399207622237485
-0.0002951345244111657
0.0002962761682330111
-0.00029741708193149464
0.0002985573384151754
-0.00029969685879978184
0.0003008355655132786
-0.00030197353085785125
0.00030311082585278047
-0.0003042473735313332
0.00030538309818840776
-0.0003065180702606302
0.0003076523589509591
-0.00030878588913671587
0.00030991858690896686
-0.00031105052091046954
0.00031218175859694684
-0.00031331222662021283
0.00031444185280052155
-0.00031557070405464346
0.00031669884615648713
-0.00031782620746651354
0.00031895271747069706
-0.00032007844142412675
0.000321203443480911
-0.0003223276536477799
0.00032345100301620983
-0.0003245735552406151
0.0003256953729141528
-0.0003268163876306154
0.00032793653202987813
-0.00032905586822355894
0.00033017445729974123
-0.0003312922323830843
0.0003324091276076382
-0.00033352520359717356
0.0003346405199877938
-0.00033575501138168935
0.00033686861335549176
-0.0003379813850973893
0.00033909338484201183
-0.00034020454861831005
0.0003413148133964857
-0.00034242423697884846
0.0003435328762465737
-0.00034464066860713657
0.0003457475523776417
-0.00034685358402180004
0.00034795881911311234
-0.0003490631963916122
0.00035016665547686485
-0.00035126925153904976
0.0003523710388875815
-0.0003534719575512963
0.0003545719484098537
-0.000355671065382841
0.00035676936155716913
-0.0003578667782087501
0.00035896325743695463
-0.00036005885195172603
0.0003611536136571436
-0.00036224748503640547
0.0003633404093700289
-0.00036443243819742126
0.00036552362227770227
-0.0003666139052633623
0.0003677032315792807
-0.0003687916516316393
0.00036987921507077856
-0.0003709658666822288
0.0003720515520000549
-0.00037313632033288233
0.000374220220256865
-0.0003753031976559017
0.0003763851991396341
-0.0003774662729532424
0.00037854646663175435
-0.00037962572712431895
0.0003807040020840011
-0.00038178133872514254
0.0003828577835733244
-0.0003839332846112225
0.00038500779050457606
-0.0003860813474681032
0.000387154001048242
-0.00038822570023087027
0.0003892963946649295
-0.00039036612959542105
0.0003914349496186844
-0.00039250280469473427
0.0003935696454274922
-0.0003946355161208961
0.0003957004604490178
-0.0003967644293181632
0.00039782737426020536
-0.0003988893386654703
0.0003999503653124461
-0.0004010104060270582
0.00040206941324318236
-0.0004031274294638681
0.00040418449659765837
-0.0004052405673644845
0.0004062955950753222
-0.00040734962137126124
0.00040840268731544353
-0.0004094547464972568
0.0004105057530809242
-0.00041155574786979634
0.00041260477110525664
-0.0004136527772225629
0.00041469972121623136
-0.0004157456430752098
0.00041679058224179026
-0.0004178344939744689
0.0004188773340760095
-0.0004199191417433516
0.0004209599556415246
-0.00042199973183047474
0.00042303842690005056
-0.00042407607927672484
0.0004251127268692082
-0.0004261483265180063
0.0004271828355796779
-0.00042821629173094624
0.00042924873214437135
-0.0004302801144209054
0.00043131039666423305
-0.00043233961582123505
0.0004333678083477686
-0.00043439493258586644
0.0004354209473674846
-0.0004364458889288546
0.0004374697930278173
-0.00043849261872886867
0.00043951432557408457
-0.0004405349491075268
0.0004415545244070139
-0.00044257301124158105
0.0004435903698459453
-0.0004446066350897937
0.0004456218413882919
-0.0004466359491977233
0.00044764891942861206
-0.0004486607862934188
0.00044967158356138716
-0.0004506812723594158
0.0004516898142575915
-0.0004526972428276993
0.00045370359120918194
-0.000454708821183511
0.00045571289496469414
-0.0004567158454997722
0.0004577177053139714
-0.0004587184368278583
0.00045971800288426967
-0.00046071643582089664
0.0004617137675637586
-0.00046270996115759823
0.000463704980059514
-0.0004646988560127093
0.0004656916203584913
-0.00046668323675137774
0.0004676736692486799
-0.0004686629490134431
0.00046965110681627015
-0.0004706381069075657
0.00047162391393126455
-0.0004726085584841197
0.00047359207077955095
-0.0004745744156504228
0.0004755555583142048
-0.00047653552881471586
0.00047751435682129
-0.00047849200773626997
0.00047946844733800945
-0.0004804437051303206
0.0004814178102510791
-0.00048239072865959986
0.000483362426682868
-0.0004843329332972079
0.00048530227712125033
-0.0004862704246591723
0.00048723734277476155
-0.00048820305992894965
0.0004891676042329381
-0.000490130942724072
0.0004910930427914947
-0.0004920539323924463
0.0004930136391421328
-0.0004939721305997469
0.0004949293746687351
-0.0004958853988139473
0.0004968402301656805
-0.0004977938367940171
0.0004987461871060017
-0.0004996973080850578
0.0005006472263872759
-0.0005015959105830436
0.0005025433295726428
-0.000503489509868675
0.0005044344776634087
-0.0005053782020172779
0.0005063206523137699
-0.0005072618546049416
0.0005082018346292829
-0.0005091405619273632
0.0005100780063561554
-0.0005110141935171223
0.0005119491487047236
-0.0005128828419300255
0.0005138152435141147
-0.0005147463786174826
0.0005156762721000029
-0.0005166048944339415
0.0005175322163953529
-0.0005184582627131303
0.0005193830578217052
-0.000520306572645519
0.0005212287784067764
-0.0005221496994118176
0.000523069359678511
-0.0005239877305747281
0.0005249047837602674
-0.0005258205431277044
0.000526735032286946
-0.0005276482230408303
0.000528560087478437
-0.0005294706490871102
0.000530379931077149
-0.0005312879056781213
0.0005321945454003538
-0.0005330998733342297
0.0005340039122985323
-0.0005349066349416132
0.0005358080141872194
-0.0005367080727367915
0.0005376068330254923
-0.0005385042681126935
0.0005394003513280119
-0.0005402951049917345
0.0005411885511630177
-0.0005420806633047736
0.0005429714151451207
-0.0005438608286307795
0.0005447489254523048
-0.00054563567946886
0.0005465210647999435
-0.0005474051030260425
0.0005482878154763168
-0.0005491691763991212
0.0005500491602984162
-0.0005509277883955645
0.0005518050816653493
-0.0005526810147384452
0.0005535555624965437
-0.0005544287458088327
0.0005553005853025021
-0.0005561710559838943
0.0005570401331058901
-0.0005579078371922529
0.0005587741885291742
-0.000559639162492194
0.0005605027346990415
-0.000561364925334597
0.000562225754350483
-0.0005630851974851446
0.0005639432307150079
-0.0005647998738924187
0.0005656551466406792
-0.0005665090250550416
0.0005673614854646201
-0.0005682125473954266
0.0005690622301485185
-0.0005699105101700087
0.000570757364135875
-0.0005716028112518307
0.0005724468705025797
-0.0005732895186793243
0.0005741307327992631
-0.0005749705317536431
0.0005758089342165736
-0.000576645917318734
0.0005774814584130402
-0.0005783155760819653
0.0005791482886946128
-0.0005799795737156925
0.0005808094088284769
-0.0005816378123122115
0.0005824648022364364
-0.0005832903563945784
0.0005841144527950676
-0.0005849371094193185
0.0005857583440425974
-0.0005865781347818903
0.000587396459965717
-0.0005882133372829164
0.0005890287842196309
-0.0005898427792113872
0.0005906553009018768
-0.0005914663666924557
0.00059227599378517
-0.0005930841609292135
0.0005938908470786364
-0.000594696069352304
0.0005954998446730462
-0.000596302152098964
0.0005971029708898154
-0.0005979023178868079
0.0005987002097383224
-0.0005994966258067396
0.0006002915456529728
-0.0006010849858453084
0.0006018769627623118
-0.0006026674560661291
0.0006034564456144251
-0.0006042439477071468
0.0006050299784575618
-0.0006058145178232088
0.0006065975459541893
-0.000607379078886598
0.0006081591324727972
-0.0006089376869614564
0.0006097147227909184
-0.0006104902557377851
0.0006112643013978193
-0.0006120368403066497
0.0006128078531867681
-0.0006135773555595693
0.0006143453627683635
-0.0006151118556317038
0.0006158768151522779
-0.0006166402566003716
0.0006174021950709531
-0.0006181626116615402
0.0006189214876511423
-0.0006196788380629877
0.0006204346777476604
-0.0006211889880778284
0.0006219417506050101
-0.0006226929801093433
0.0006234426912009054
-0.0006241908655237331
0.0006249374848982217
-0.0006256825638652346
0.0006264261167981182
-0.0006271681256086461
0.0006279085723824926
-0.0006286474714249981
0.0006293848368764579
-0.0006301206509128392
0.0006308548958815779
-0.0006315875858561655
0.0006323187347474395
-0.0006330483249920787
0.0006337763391959047
-0.0006345027912040945
0.0006352276947015414
-0.0006359510323822593
0.0006366727871071321
-0.0006373929724965171
0.0006381116020127554
-0.000638828658603926
0.000639544125382722
-0.0006402580157480723
0.0006409703429431274
-0.0006416810901667887
0.0006423902407804253
-0.0006430978079648401
0.0006438038047472319
-0.0006445082145742165
0.000645211021052751
-0.0006459122371487422
0.0006466118756766237
-0.0006473099203276634
0.0006480063549514087
-0.0006487011923020112
0.0006493944449842507
-0.000650086096931061
0.0006507761322316607
-0.0006514645634315352
0.0006521514029288023
-0.0006528366348951927
0.0006535202436567201
-0.0006542022415531971
0.0006548826407790653
-0.0006555614257419877
0.0006562385810020081
-0.0006569141186961951
0.0006575880508181832
-0.0006582603620088231
0.0006589310370594498
-0.0006596000879072755
0.0006602675263479266
-0.0006609333372527401
0.0006615975056417187
-0.0006622600432549776
0.0006629209616928974
-0.0006635802460546729
0.00066423788158638
-0.0006648938798337789
0.0006655482522046775
-0.0006662009840235667
0.0006668520607600759
-0.0006675014937682613
0.0006681492942659864
-0.0006687954478005247
0.0006694399400626094
-0.0006700827822171873
0.0006707239852947386
-0.000671363535062878
0.0006720014174310275
-0.0006726376433775777
0.0006732722237481091
-0.0006739051445282103
0.0006745363918436364
-0.0006751659764887058
0.0006757939091265321
-0.0006764201759583536
0.0006770447633239852
-0.0006776676818360797
0.0006782889419776687
-0.0006789085301633656
0.0006795264329448199
-0.0006801426607553701
0.0006807572239003171
-0.0006813701090054127
0.0006819813028319654
-0.0006825908156363208
0.0006831986575482992
-0.0006838048154026493
0.000684409276168208
-0.0006850120499265724
0.0006856131466343101
-0.0006862125533330601
0.0006868102571970894
-0.0006874062681354831
0.0006880005959337049
-0.0006885932278382093
0.0006891841512267164
-0.0006897733758378981
0.0006903609112882513
-0.0006909467450270505
0.0006915308646334578
-0.0006921132796778649
0.0006926939996098496
-0.0006932730120795575
0.0006938503048656594
-0.0006944258873723114
0.0006949997688842146
-0.0006955719372504328
0.000696142380447293
-0.000696711107714713
0.0006972781281744697
-0.0006978434298727161
0.0006984070009815578
-0.0006989688505786523
0.0006995289876247808
-0.0007000874003613376
0.0007006440771544501
-0.0007011990269213976
0.0007017522584638576
-0.0007023037602166927
0.0007028535207382812
-0.0007034015487874108
0.000703947853008484
-0.0007044924220280935
0.0007050352445951627
-0.0007055763293118075
0.0007061156846669528
-0.0007066532994772283
0.0007071891626804344
-0.0007077232827237919
0.0007082556679425051
-0.0007087863073415804
0.0007093151900460718
-0.0007098423243500434
0.0007103677184366899
-0.0007108913614977773
0.0007114132428440202
-0.0007119333706180376
0.0007124517528526764
-0.0007129683789248922
0.0007134832383295129
-0.0007139963390593584
0.0007145076889985702
-0.0007150172777077529
0.0007155250948643336
-0.00071603114831295
0.0007165354457906436
-0.0007170379770401495
0.0007175387319200282
-0.0007180377181283227
0.000718534943256511
-0.0007190303972280248
0.0007195240700810869
-0.0007200159693687093
0.000720506102538323
-0.0007209944596926151
0.0007214810310480836
-0.000721965824014193
0.0007224488458958412
-0.0007229300869735529
0.0007234095376407427
-0.0007238872051648035
0.000724363096709527
-0.0007248372027319372
0.000725309513801004
-0.0007257800370435094
0.0007262487794835459
-0.0007267157317533024
0.0007271808845960177
-0.0007276442449992413
0.0007281058198487565
-0.0007285655999506339
0.0007290235762210877
-0.0007294797555098196
0.0007299341445656504
-0.0007303867343672569
0.0007308375160026016
-0.000731286496184858
0.0007317336815272149
-0.0007321790631797179
0.0007326226324008716
-0.0007330643957686248
0.0007335043597618056
-0.0007339425157006425
0.0007343788550129804
-0.0007348133841428413
0.0007352461094359289
-0.0007356770223814791
0.0007361061145755494
-0.0007365333923294489
0.0007369588618569996
-0.0007373825148152945
0.0007378043429674679
-0.0007382243524933515
0.0007386425494760532
-0.0007390589257394157
0.0007394734732125816
-0.0007398861979450466
0.0007402971058904004
-0.0007407061890381342
0.0007411134394823231
-0.0007415188631433066
0.0007419224658462535
-0.0007423242397452746
0.0007427241770983318
-0.0007431222836977222
0.0007435185652413088
-0.0007439130140467847
0.0007443056225349815
-0.0007446963963712652
0.0007450853411272539
-0.0007454724492832301
0.0007458577134219059
-0.0007462411390827752
0.0007466227317122732
-0.0007470024839522754
0.000747380388546441
-0.0007477564509094106
0.0007481306763634628
-0.0007485030577111206
0.0007488735878560473
-0.0007492422720890464
0.0007496091156092334
-0.0007499741113788581
0.000750337252460672
-0.0007506985440226392
0.0007510579911416671
-0.0007514155869388269
0.0007517713246350853
-0.0007521252092765274
0.0007524772458187864
-0.0007528274275408879
0.0007531757478211503
-0.0007535222115847009
0.0007538668236668296
-0.0007542095775036669
0.0007545504666300392
-0.0007548894958510297
0.0007552266698824736
-0.0007555619823167651
0.0007558954268444415
-0.000756227008151424
0.0007565567308349528
-0.0007568845886428882
0.000757210575420693
-0.000757534695735967
0.0007578569540682069
-0.0007581773443199657
0.0007584958604908476
-0.0007588125070309899
0.0007591272883029482
-0.0007594401983632042
0.0007597512313647641
-0.0007600603916411171
0.0007603676834386606
-0.0007606731009670827
0.0007609766385320745
-0.000761278300351229
0.0007615780905556092
-0.0007618760035073447
0.0007621720336641327
-0.0007624661851284534
0.000762758461916734
-0.0007630488585428955
0.0007633373696159515
-0.0007636239991239942
0.000763908750969557
-0.0007641916198176855
0.0007644726004280242
-0.0007647516966750283
0.0007650289123480234
-0.0007653042422625187
0.0007655776813281779
-0.0007658492333064802
0.0007661189018742613
-0.000766386681996841
0.000766652568733294
-0.000766916565732802
0.0007671786765603567
-0.0007674388963304848
0.0007676972202510628
-0.0007679536518596593
0.0007682081946100126
-0.0007684608437653109
0.0007687115946816456
-0.0007689604507855723
0.0007692074154202466
-0.0007694524839968928
0.0007696956520192949
-0.0007699369228035899
0.0007701762995829396
-0.0007704137779160838
0.0007706493534539214
-0.0007708830294027962
0.0007711148088864313
-0.0007713446876105418
0.0007715726613726509
-0.0007717987332698585
0.000772022906317003
-0.0007722451763662664
0.0007724655393612948
-0.0007726839982904917
0.000772900556060344
-0.0007731152086690097
0.0007733279522057853
-0.0007735387895508792
0.0007737477235029636
-0.0007739547502057054
0.0007741598658935438
-0.0007743630733390603
0.0007745643752335722
-0.0007747637678657846
0.0007749612476148862
-0.000775156817146257
0.0007753504790443687
-0.0007755422297425226
0.0007757320657642172
-0.0007759199896681424
0.0007761060039323253
-0.000776290105134281
0.0007764722899413914
-0.0007766525608060861
0.0007768309201004278
-0.0007770073645457021
0.0007771818909528146
-0.0007773545016683422
0.0007775251989588138
-0.0007776939796888977
0.0007778608408126348
-0.0007780257845712073
0.0007781888131259406
-0.0007783499234845501
0.0007785091127438878
-0.0007786663830400646
0.000778821736429629
-0.0007789751700629913
0.000779126681179448
-0.0007792762718104506
0.0007794239439081171
-0.0007795696947652116
0.0007797135217631575
-0.000779855426829092
0.0007799954118110549
-0.0007801334741438314
0.0007802696113506972
-0.0007804038252547912
0.0007805361176003917
-0.0007806664859640372
0.0007807949280105281
-0.0007809214454593641
0.000781046039951339
-0.0007811687092044413
0.0007812894510247851
-0.0007814082670284715
0.0007815251587531287
-0.0007816401240579489
0.0007817531608900551
-0.0007818642707624604
0.0007819734551098925
-0.0007820807119324834
0.0007821860393181435
-0.000782289438677076
0.0007823909113413316
-0.0007824904554517565
0.0007825880692368502
-0.0007826837540042098
0.0007827775109834493
-0.0007828693384559508
0.000782959234790555
-0.0007830472011925251
0.0007831332387892313
-0.000783217346002376
0.0007832995213409584
-0.0007833797659080892
0.000783458080729156
-0.0007835344643659603
0.0007836089154675154
-0.0007836814350349727
0.0007837520239918488
-0.0007838206810399434
0.0007838874049680911
-0.0007839521966756839
0.0007840150569845258
-0.0007840759847362301
0.0007841349788593929
-0.0007841920401517194
0.0007842471693334801
-0.000784300365385983
0.0007843516273773861
-0.0007844009560039179
0.0007844483518844619
-0.0007844938141398132
0.0007845373419776918
-0.0007845789359929382
0.0007846185967030605
-0.000784656323368358
0.0007846921153359648
-0.0007847259730994344
0.0007847578970750165
-0.0007847878866624777
0.0007848159413481393
-0.0007848420615244356
0.0007848662475064863
-0.0007848884988333604
0.0007849088151306008
-0.0007849271966896482
0.0007849436437243112
-0.0007849581559130086
0.0007849707330206528
-0.0007849813752373593
0.0007849900826760427
-0.0007849968551542971
0.0007850016925760458
-0.0007850045950296592
0.0007850055625300184
-0.0007850045950296592
0.0007850016925760458
-0.0007849968551542971
0.0007849900826760427
-0.0007849813752373593
0.0007849707330206528
-0.0007849581559130086
0.0007849436437243112
-0.0007849271966896482
0.0007849088151306008
-0.0007848884988333604
0.0007848662475064863
-0.0007848420615244356
0.0007848159413481393
-0.0007847878866624777
0.0007847578970750165
-0.0007847259730994344
0.0007846921153359648
-0.000784656323368358
0.0007846185967030605
-0.0007845789359929382
0.0007845373419776918
-0.0007844938141398132
0.0007844483518844619
-0.0007844009560039179
0.0007843516273773861
-0.000784300365385983
0.0007842471693334801
-0.0007841920401517194
0.0007841349788593929
-0.0007840759847362301
0.0007840150569845258
-0.0007839521966756839
0.0007838874049680911
-0.0007838206810399434
0.0007837520239918488
-0.0007836814350349727
0.0007836089154675154
-0.0007835344643659603
0.000783458080729156
-0.0007833797659080892
0.0007832995213409584
-0.000783217346002376
0.0007831332387892313
-0.0007830472011925251
0.000782959234790555
-0.0007828693384559508
0.0007827775109834493
-0.0007826837540042098
0.0007825880692368502
-0.0007824904554517565
0.0007823909113413316
-0.000782289438677076
0.0007821860393181435
-0.0007820807119324834
0.0007819734551098925
-0.0007818642707624604
0.0007817531608900551
-0.0007816401240579489
0.0007815251587531287
-0.0007814082670284715
0.0007812894510247851
-0.0007811687092044413
0.000781046039951339
-0.0007809214454593641
0.0007807949280105281
-0.0007806664859640372
0.0007805361176003917
-0.0007804038252547912
0.0007802696113506972
-0.0007801334741438314
0.0007799954118110549
-0.000779855426829092
0.0007797135217631575
-0.0007795696947652116
0.0007794239439081171
-0.0007792762718104506
0.000779126681179448
-0.0007789751700629913
0.000778821736429629
-0.0007786663830400646
0.0007785091127438878
-0.0007783499234845501
0.0007781888131259406
-0.0007780257845712073
0.0007778608408126348
-0.0007776939796888977
0.0007775251989588138
-0.0007773545016683422
0.0007771818909528146
-0.0007770073645457021
0.0007768309201004278
-0.0007766525608060861
0.0007764722899413914
-0.000776290105134281
0.0007761060039323253
-0.0007759199896681424
0.0007757320657642172
-0.0007755422297425226
0.0007753504790443687
-0.000775156817146257
0.0007749612476148862
-0.0007747637678657846
0.0007745643752335722
-0.0007743630733390603
0.0007741598658935438
-0.0007739547502057054
0.0007737477235029636
-0.0007735387895508792
0.0007733279522057853
-0.0007731152086690097
0.000772900556060344
-0.0007726839982904917
0.0007724655393612948
-0.0007722451763662664
0.000772022906317003
-0.0007717987332698585
0.0007715726613726509
-0.0007713446876105418
0.0007711148088864313
-0.0007708830294027962
0.0007706493534539214
-0.0007704137779160838
0.0007701762995829396
-0.0007699369228035899
0.0007696956520192949
-0.0007694524839968928
0.0007692074154202466
-0.0007689604507855723
0.0007687115946816456
-0.0007684608437653109
0.0007682081946100126
-0.0007679536518596593
0.0007676972202510628
-0.0007674388963304848
0.0007671786765603567
-0.000766916565732802
0.000766652568733294
-0.000766386681996841
0.0007661189018742613
-0.0007658492333064802
0.0007655776813281779
-0.0007653042422625187
0.0007650289123480234
-0.0007647516966750283
0.0007644726004280242
-0.0007641916198176855
0.000763908750969557
-0.0007636239991239942
0.0007633373696159515
-0.0007630488585428955
0.000762758461916734
-0.0007624661851284534
0.0007621720336641327
-0.0007618760035073447
0.0007615780905556092
-0.000761278300351229
0.0007609766385320745
-0.0007606731009670827
0.0007603676834386606
-0.0007600603916411171
0.0007597512313647641
-0.0007594401983632042
0.0007591272883029482
-0.0007588125070309899
0.0007584958604908476
-0.0007581773443199657
0.0007578569540682069
-0.000757534695735967
0.000757210575420693
-0.0007568845886428882
0.0007565567308349528
-0.000756227008151424
0.0007558954268444415
-0.0007555619823167651
0.0007552266698824736
-0.0007548894958510297
0.0007545504666300392
-0.0007542095775036669
0.0007538668236668296
-0.0007535222115847009
0.0007531757478211503
-0.0007528274275408879
0.0007524772458187864
-0.0007521252092765274
0.0007517713246350853
-0.0007514155869388269
0.0007510579911416671
-0.0007506985440226392
0.000750337252460672
-0.0007499741113788581
0.0007496091156092334
-0.0007492422720890464
0.0007488735878560473
-0.0007485030577111206
0.0007481306763634628
-0.0007477564509094106
0.000747380388546441
-0.0007470024839522754
0.0007466227317122732
-0.0007462411390827752
0.0007458577134219059
-0.0007454724492832301
0.0007450853411272539
-0.0007446963963712652
0.0007443056225349815
-0.0007439130140467847
0.0007435185652413088
-0.0007431222836977222
0.0007427241770983318
-0.0007423242397452746
0.0007419224658462535
-0.0007415188631433066
0.0007411134394823231
-0.0007407061890381342
0.0007402971058904004
-0.0007398861979450466
0.0007394734732125816
-0.0007390589257394157
0.0007386425494760532
-0.0007382243524933515
0.0007378043429674679
-0.0007373825148152945
0.0007369588618569996
-0.0007365333923294489
0.0007361061145755494
-0.0007356770223814791
0.0007352461094359289
-0.0007348133841428413
0.0007343788550129804
-0.0007339425157006425
0.0007335043597618056
-0.0007330643957686248
0.0007326226324008716
-0.0007321790631797179
0.0007317336815272149
-0.000731286496184858
0.0007308375160026016
-0.0007303867343672569
0.0007299341445656504
-0.0007294797555098196
0.0007290235762210877
-0.0007285655999506339
0.0007281058198487565
-0.0007276442449992413
0.0007271808845960177
-0.0007267157317533024
0.0007262487794835459
-0.0007257800370435094
0.000725309513801004
-0.0007248372027319372
0.000724363096709527
-0.0007238872051648035
0.0007234095376407427
-0.0007229300869735529
0.0007224488458958412
-0.000721965824014193
0.0007214810310480836
-0.0007209944596926151
0.000720506102538323
-0.0007200159693687093
0.0007195240700810869
-0.0007190303972280248
0.000718534943256511
-0.0007180377181283227
0.0007175387319200282
-0.0007170379770401495
0.0007165354457906436
-0.00071603114831295
0.0007155250948643336
-0.0007150172777077529
0.0007145076889985702
-0.0007139963390593584
0.0007134832383295129
-0.0007129683789248922
0.0007124517528526764
-0.0007119333706180376
0.0007114132428440202
-0.0007108913614977773
0.0007103677184366899
-0.0007098423243500434
0.0007093151900460718
-0.0007087863073415804
0.0007082556679425051
-0.0007077232827237919
0.0007071891626804344
-0.0007066532994772283
0.0007061156846669528
-0.0007055763293118075
0.0007050352445951627
-0.0007044924220280935
0.000703947853008484
-0.0007034015487874108
0.0007028535207382812
-0.0007023037602166927
0.0007017522584638576
-0.0007011990269213976
0.0007006440771544501
-0.0007000874003613376
0.0006995289876247808
-0.0006989688505786523
0.0006984070009815578
-0.0006978434298727161
0.0006972781281744697
-0.000696711107714713
0.000696142380447293
-0.0006955719372504328
0.0006949997688842146
-0.0006944258873723114
0.0006938503048656594
-0.0006932730120795575
0.0006926939996098496
-0.0006921132796778649
0.0006915308646334578
-0.0006909467450270505
0.0006903609112882513
-0.0006897733758378981
0.0006891841512267164
-0.0006885932278382093
0.0006880005959337049
-0.0006874062681354831
0.0006868102571970894
-0.0006862125533330601
0.0006856131466343101
-0.0006850120499265724
0.000684409276168208
-0.0006838048154026493
0.0006831986575482992
-0.0006825908156363208
0.0006819813028319654
-0.0006813701090054127
0.0006807572239003171
-0.0006801426607553701
0.0006795264329448199
-0.0006789085301633656
0.0006782889419776687
-0.0006776676818360797
0.0006770447633239852
-0.0006764201759583536
0.0006757939091265321
-0.0006751659764887058
0.0006745363918436364
-0.0006739051445282103
0.0006732722237481091
-0.0006726376433775777
0.0006720014174310275
-0.000671363535062878
0.0006707239852947386
-0.0006700827822171873
0.0006694399400626094
-0.0006687954478005247
0.0006681492942659864
-0.0006675014937682613
0.0006668520607600759
-0.0006662009840235667
0.0006655482522046775
-0.0006648938798337789
0.00066423788158638
-0.0006635802460546729
0.0006629209616928974
-0.0006622600432549776
0.0006615975056417187
-0.0006609333372527401
0.0006602675263479266
-0.0006596000879072755
0.0006589310370594498
-0.0006582603620088231
0.0006575880508181832
-0.0006569141186961951
0.0006562385810020081
-0.0006555614257419877
0.0006548826407790653
-0.0006542022415531971
0.0006535202436567201
-0.0006528366348951927
0.0006521514029288023
-0.0006514645634315352
0.0006507761322316607
-0.000650086096931061
0.0006493944449842507
-0.0006487011923020112
0.0006480063549514087
-0.0006473099203276634
0.0006466118756766237
-0.0006459122371487422
0.000645211021052751
-0.0006445082145742165
0.0006438038047472319
-0.0006430978079648401
0.0006423902407804253
-0.0006416810901667887
0.0006409703429431274
-0.0006402580157480723
0.000639544125382722
-0.000638828658603926
0.0006381116020127554
-0.0006373929724965171
0.0006366727871071321
-0.0006359510323822593
0.0006352276947015414
-0.0006345027912040945
0.0006337763391959047
-0.0006330483249920787
0.0006323187347474395
-0.0006315875858561655
0.0006308548958815779
-0.0006301206509128392
0.0006293848368764579
-0.0006286474714249981
0.0006279085723824926
-0.0006271681256086461
0.0006264261167981182
-0.0006256825638652346
0.0006249374848982217
-0.0006241908655237331
0.0006234426912009054
-0.0006226929801093433
0.0006219417506050101
-0.0006211889880778284
0.0006204346777476604
-0.0006196788380629877
0.0006189214876511423
-0.0006181626116615402
0.0006174021950709531
-0.0006166402566003716
0.0006158768151522779
-0.0006151118556317038
0.0006143453627683635
-0.0006135773555595693
0.0006128078531867681
-0.0006120368403066497
0.0006112643013978193
-0.0006104902557377851
0.0006097147227909184
-0.0006089376869614564
0.0006081591324727972
-0.000607379078886598
0.0006065975459541893
-0.0006058145178232088
0.0006050299784575618
-0.0006042439477071468
0.0006034564456144251
-0.0006026674560661291
0.0006018769627623118
-0.0006010849858453084
0.0006002915456529728
-0.0005994966258067396
0.0005987002097383224
-0.0005979023178868079
0.0005971029708898154
-0.000596302152098964
0.0005954998446730462
-0.000594696069352304
0.0005938908470786364
-0.0005930841609292135
0.00059227599378517
-0.0005914663666924557
0.0005906553009018768
-0.0005898427792113872
0.0005890287842196309
-0.0005882133372829164
0.000587396459965717
-0.0005865781347818903
0.0005857583440425974
-0.0005849371094193185
0.0005841144527950676
-0.0005832903563945784
0.0005824648022364364
-0.0005816378123122115
0.0005808094088284769
-0.0005799795737156925
0.0005791482886946128
-0.0005783155760819653
0.0005774814584130402
-0.000576645917318734
0.0005758089342165736
-0.0005749705317536431
0.0005741307327992631
-0.0005732895186793243
0.0005724468705025797
-0.0005716028112518307
0.000570757364135875
-0.0005699105101700087
0.0005690622301485185
-0.0005682125473954266
0.0005673614854646201
-0.0005665090250550416
0.0005656551466406792
-0.0005647998738924187
0.0005639432307150079
-0.0005630851974851446
0.000562225754350483
-0.000561364925334597
0.0005605027346990415
-0.000559639162492194
0.0005587741885291742
-0.0005579078371922529
0.0005570401331058901
-0.0005561710559838943
0.0005553005853025021
-0.0005544287458088327
0.0005535555624965437
-0.0005526810147384452
0.0005518050816653493
-0.0005509277883955645
0.0005500491602984162
-0.0005491691763991212
0.0005482878154763168
-0.0005474051030260425
0.0005465210647999435
-0.00054563567946886
0.0005447489254523048
-0.0005438608286307795
0.0005429714151451207
-0.0005420806633047736
0.0005411885511630177
-0.0005402951049917345
0.0005394003513280119
-0.0005385042681126935
0.0005376068330254923
-0.0005367080727367915
0.0005358080141872194
-0.0005349066349416132
0.0005340039122985323
-0.0005330998733342297
0.0005321945454003538
-0.0005312879056781213
0.000530379931077149
-0.0005294706490871102
0.000528560087478437
-0.0005276482230408303
0.000526735032286946
-0.0005258205431277044
0.0005249047837602674
-0.0005239877305747281
0.000523069359678511
-0.0005221496994118176
0.0005212287784067764
-0.000520306572645519
0.0005193830578217052
-0.0005184582627131303
0.0005175322163953529
-0.0005166048944339415
0.0005156762721000029
-0.0005147463786174826
0.0005138152435141147
-0.0005128828419300255
0.0005119491487047236
-0.0005110141935171223
0.0005100780063561554
-0.0005091405619273632
0.0005082018346292829
-0.0005072618546049416
0.0005063206523137699
-0.0005053782020172779
0.0005044344776634087
-0.000503489509868675
0.0005025433295726428
-0.0005015959105830436
0.0005006472263872759
-0.0004996973080850578
0.0004987461871060017
-0.0004977938367940171
0.0004968402301656805
-0.0004958853988139473
0.0004949293746687351
-0.0004939721305997469
0.0004930136391421328
-0.0004920539323924463
0.0004910930427914947
-0.000490130942724072
0.0004891676042329381
-0.00048820305992894965
0.00048723734277476155
-0.0004862704246591723
0.00048530227712125033
-0.0004843329332972079
0.000483362426682868
-0.00048239072865959986
0.0004814178102510791
-0.0004804437051303206
0.00047946844733800945
-0.00047849200773626997
0.00047751435682129
-0.00047653552881471586
0.0004755555583142048
-0.0004745744156504228
0.00047359207077955095
-0.0004726085584841197
0.00047162391393126455
-0.0004706381069075657
0.00046965110681627015
-0.0004686629490134431
0.0004676736692486799
-0.00046668323675137774
0.0004656916203584913
-0.0004646988560127093
0.000463704980059514
-0.00046270996115759823
0.0004617137675637586
-0.00046071643582089664
0.00045971800288426967
-0.0004587184368278583
0.0004577177053139714
-0.0004567158454997722
0.00045571289496469414
-0.000454708821183511
0.00045370359120918194
-0.0004526972428276993
0.0004516898142575915
-0.0004506812723594158
0.00044967158356138716
-0.0004486607862934188
0.00044764891942861206
-0.0004466359491977233
0.0004456218413882919
-0.0004446066350897937
0.0004435903698459453
-0.00044257301124158105
0.0004415545244070139
-0.0004405349491075268
0.00043951432557408457
-0.00043849261872886867
0.0004374697930278173
-0.0004364458889288546
0.0004354209473674846
-0.00043439493258586644
0.0004333678083477686
-0.00043233961582123505
0.00043131039666423305
-0.0004302801144209054
0.00042924873214437135
-0.00042821629173094624
0.0004271828355796779
-0.0004261483265180063
0.0004251127268692082
-0.00042407607927672484
0.00042303842690005056
-0.00042199973183047474
0.0004209599556415246
-0.0004199191417433516
0.0004188773340760095
-0.0004178344939744689
0.00041679058224179026
-0.0004157456430752098
0.00041469972121623136
-0.0004136527772225629
0.00041260477110525664
-0.00041155574786979634
0.0004105057530809242
-0.0004094547464972568
0.00040840268731544353
-0.00040734962137126124
0.0004062955950753222
-0.0004052405673644845
0.00040418449659765837
-0.0004031274294638681
0.00040206941324318236
-0.0004010104060270582
0.0003999503653124461
-0.0003988893386654703
0.00039782737426020536
-0.0003967644293181632
0.0003957004604490178
-0.0003946355161208961
0.0003935696454274922
-0.00039250280469473427
0.0003914349496186844
-0.00039036612959542105
0.0003892963946649295
-0.00038822570023087027
0.000387154001048242
-0.0003860813474681032
0.00038500779050457606
-0.0003839332846112225
0.0003828577835733244
-0.00038178133872514254
0.0003807040020840011
-0.00037962572712431895
0.00037854646663175435
-0.0003774662729532424
0.0003763851991396341
-0.0003753031976559017
0.000374220220256865
-0.00037313632033288233
0.0003720515520000549
-0.0003709658666822288
0.00036987921507077856
-0.0003687916516316393
0.0003677032315792807
-0.0003666139052633623
0.00036552362227770227
-0.00036443243819742126
0.0003633404093700289
-0.00036224748503640547
0.0003611536136571436
-0.00036005885195172603
0.00035896325743695463
-0.0003578667782087501
0.00035676936155716913
-0.000355671065382841
0.0003545719484098537
-0.0003534719575512963
0.0003523710388875815
-0.00035126925153904976
0.00035016665547686485
-0.0003490631963916122
0.00034795881911311234
-0.00034685358402180004
0.0003457475523776417
-0.00034464066860713657
0.0003435328762465737
-0.00034242423697884846
0.0003413148133964857
-0.00034020454861831005
0.00033909338484201183
-0.0003379813850973893
0.00033686861335549176
-0.00033575501138168935
0.0003346405199877938
-0.00033352520359717356
0.0003324091276076382
-0.0003312922323830843
0.00033017445729974123
-0.00032905586822355894
0.00032793653202987813
-0.0003268163876306154
0.0003256953729141528
-0.0003245735552406151
0.00032345100301620983
-0.0003223276536477799
0.000321203443480911
-0.00032007844142412675
0.00031895271747069706
-0.00031782620746651354
0.00031669884615648713
-0.00031557070405464346
0.00031444185280052155
-0.00031331222662021283
0.00031218175859694684
-0.00031105052091046954
0.00030991858690896686
-0.00030878588913671587
0.0003076523589509591
-0.0003065180702606302
0.00030538309818840776
-0.0003042473735313332
0.00030311082585278047
-0.00030197353085785125
0.0003008355655132786
-0.00029969685879978184
0.0002985573384151754
-0.00029741708193149464
0.0002962761682330111
-0.0002951345244111657
0.00029399207622237485
-0.0002928489031804569
0.00029170508616496087
-0.0002905605503008677
0.00028941521932300106
-0.0002882691747660976
0.00028712249958734
-0.0002859751168635363
0.00028482694822294674
-0.00028367807730510355
0.00028252858923205875
-0.0002813784049459117
0.00028022744387826615
-0.0002790757918623473
0.00027792353627765197
-0.00027677059583976725
0.00027561688768804217
-0.0002744624999437348
0.00027330752234209534
-0.0002721518712747411
0.00027099546148721753
-0.0002698383834890248
0.0002686807294756639
-0.0002675224134112349
0.0002663633475394343
-0.0002652036248646212
0.00026404334015373536
-0.00026288240483318996
0.00026172072852984513
-0.0002605584068563609
0.0002593955372696181
-0.0002582320285409812
0.0002570677875579114
-0.0002559029126622861
0.0002547375041273124
-0.0002535714679441924
0.00025240470813016157
-0.0002512373258853671
0.00025006942443429886
-0.0002489009068544196
0.0002477316741529766
-0.0002465618305262352
0.0002453914822942929
-0.0002442205294780765
0.00024304886992532676
-0.0002418766109758872
0.00024070386219996622
-0.0002395305204091612
0.00023835648013149474
-0.00023718185200834708
0.00023600674902570802
-0.00023483106462203596
0.00023365468983381198
-0.000232477738773355
0.0002313003280202964
-0.00023012234746417836
0.00022894368446531822
-0.00022776445678897268
0.00022658478479961567
-0.00022540455464895972
0.0002242236498225083
-0.00022304219193421313
0.00022186030533933684
-0.00022067787224835955
0.00021949477205794566
-0.00021831113044163124
0.0002171270759675754
-0.00021594248668574834
0.0002147572376729467
-0.000213571458889879
0.00021238528335754893
-0.0002111985847286278
0.00021001123351021306
-0.00020882336419622517
0.00020763511452022036
-0.00020644635348136535
0.00020525694674648065
-0.00020406703360910687
0.00020287675679692873
-0.00020168598037795672
0.00020049456488509823
-0.00019930265470055077
0.00019811039785199125
-0.00019691765317478792
0.00019572427574865927
-0.00019453041535862778
0.00019333622566531814
-0.00019214155994341805
0.0001909462674715785
-0.00018975050377986234
0.0001885544285250067
-0.0001873578890633535
0.00018616072849267088
-0.00018496310846155927
0.0001837651950199021
-0.00018256682921489575
0.0001813678475477056
-0.00018016841819411852
0.00017896871403219264
-0.00017776856937196022
0.0001765678136619586
-0.00017536662205326167
0.00017416517472995123
-0.00017296329879499343
0.0001717608161427498
-0.00017055790939219807
0.00016935476655969778
-0.00016815120702390804
0.00016694704457196908
-0.00016574246983371612
0.0001645376792389326
-0.00016333248387111516
0.00016212668879857434
-0.00016092049326215616
0.00015971410274868015
-0.00015850731941460122
0.00015729993893108933
-0.0001560921698152727
0.00015488422732600794
-0.00015367590399119042
0.00015246698533009855
-0.00015125768987595076
0.00015004824345655338
-0.00014883842818987775
0.0001476280186006776
-0.00014641724406375088
0.0001452063418670587
-0.00014399508284537225
0.00014278322958487924
-0.00014157102322617565
0.00014035871351786487
-0.00013914605903190983
0.00013793280935413794
-0.00013671921842973487
0.00013550554959546783
-0.00013429154805732246
0.00013307694920168848
-0.00013186202095057835
0.0001306470415050077
-0.0001294317414575043
0.00012821584063492806
-0.00012699962226468
0.00012578338086285866
-0.0001245668309914522
0.00012334967536778497
-0.0001221322140374513
0.00012091475948915162
-0.0001196970086368847
0.00011847864531302922
-0.00011725998811250105
0.00011604136940039414
-0.00011482246658685885
0.00011360294257450937
-0.00011238313649940818
0.00011116340280210408
-0.00010994339724751556
0.00010872275943937553
-0.00010750185136005414
0.00010628105208151206
-0.00010505999323751232
0.00010383828837015325
-0.00010261632499298938
0.00010139450980039637
-0.00010017244738966683
0.00009894972199672517
-0.00009772674981525378
0.00009650396868801947
-0.00009528095275577653
0.00009405725310812147
-0.0000928333183403922
0.00009160962163435861
-0.00009038570261578552
0.00008916107464403503
-0.00008793622315123215
0.00008671166168361792
-0.00008548689049338927
0.00008426137968593586
-0.00008303565686503953
0.00008181028202830811
-0.00008058471018089125
0.00007935836144756649
-0.00007813181208733504
0.00007690567600416272
-0.00007567935577797482
0.00007445221326445332
-0.00007322488134874701
0.00007199803708643254
-0.00007077102175174756
0.00006954312858182437
-0.00006831505701543764
0.00006708755888837758
-0.00006585990303001752
0.00006463130093989452
-0.00006340253115774428
0.00006217443516365883
-0.000060946195148548893
0.0000597169239544935
-0.00005848749535013423
0.00005725885981557603
-0.00005603009448792499
0.000054800191289438415
-0.000053570140354678804
0.00005234102691890624
-0.00005111179866627566
0.000049881296613252134
-0.00004865065559834145
0.000047421130766397783
-0.00004619150721430007
0.00004496043352480971
-0.00004372922826756754
0.00004249936596584965
-0.0000412694227897897
0.00004003779541345441
-0.00003880604165085601
0.00003757592764886457
-0.000036345753490128044
0.00003511357516975683
-0.000033881271898267535
0.00003265101194752722
-0.00003142071757846969
0.00003018796452397356
-0.00002895508115199542
0.0000277248171851196
-0.000026494554055324478
0.000025261152341473777
-0.000024027601409518322
0.000022797547247132167
-0.00002156754927904278
0.0000203333195204997
-0.000019098891099579297
0.000017869422945904873
-0.00001664011583872357
0.000015404620276070694
-0.000014168793806652037
0.000012940731532545217
-0.000011713089439309013
0.000010475089632463817
-9.236326245382502e-6
8.012154278467662e-6
-6.7893923554036435e-6
5.54391052975486e-6
-4.295417039737289e-6
3.0899110148557673e-6
-1.8969350968874926e-6
6.456071397169651e-7