0.0002533808340174523
-0.0007442561574944136
0.0012115518729102848
-0.0016826041514240932
0.0021688518026318727
-0.002651820649670132
0.003123380826446731
-0.003592483423863621
0.0040637668312796995
-0.004530826930178683
0.004989540256385981
-0.005443606010489686
0.00589536605027143
-0.0063413058665000915
0.006778808005779567
-0.007209834354122823
0.0076357319060865285
-0.008054182372642361
0.008463328937869273
-0.008864333574222739
0.009258021230888735
-0.009642716545389753
0.010017022915359716
-0.01038166730921426
0.010737169100904966
-0.011082259706100842
0.011415858784437
-0.01173843361251913
0.012050312938609148
-0.012350517456070272
0.012638206287416354
-0.012913683130229675
0.01317715340934507
-0.013427862763044822
0.013665165945054817
-0.013889260456886337
0.014100270289739335
-0.014297628632161158
0.014480859895250517
-0.014650091389051339
0.014805392470229977
-0.014946361443612851
0.015072676887285408
-0.01518441882080266
0.015281618853155021
-0.01536402696044997
0.015431467060854992
-0.015483985898507347
0.015521586998472855
-0.015544164436471008
0.015551683320874785
-0.015544164436471008
0.015521586998472855
-0.015483985898507347
0.015431467060854992
-0.01536402696044997
0.015281618853155021
-0.01518441882080266
0.015072676887285408
-0.014946361443612851
0.014805392470229977
-0.014650091389051339
0.014480859895250517
-0.014297628632161158
0.014100270289739335
-0.013889260456886337
0.013665165945054817
-0.013427862763044822
0.01317715340934507
-0.012913683130229675
0.012638206287416354
-0.012350517456070272
0.012050312938609148
-0.01173843361251913
0.011415858784437
-0.011082259706100842
0.010737169100904966
-0.01038166730921426
0.010017022915359716
-0.009642716545389753
0.009258021230888735
-0.008864333574222739
0.008463328937869273
-0.008054182372642361
0.0076357319060865285
-0.007209834354122823
0.006778808005779567
-0.0063413058665000915
0.00589536605027143
-0.005443606010489686
0.004989540256385981
-0.004530826930178683
0.0040637668312796995
-0.003592483423863621
0.003123380826446731
-0.002651820649670132
0.0021688518026318727
-0.0016826041514240932
0.0012115518729102848
-0.0007442561574944136
0.0002533808340174523