0.000993691946165168
-0.0029159331828347186
0.0047369866930870785
-0.00655937870973026
0.00842390885456416
-0.010251892777711751
0.012004972803476616
-0.013714689193991745
0.015396150083693739
-0.017018101769013808
0.01855813574170777
-0.02002843741548431
0.021436422510085037
-0.022762674466520947
0.023991268569418356
-0.025129134993167504
0.026181442903203733
-0.027134247292859074
0.027975405610206155
-0.0287105713920719
0.029344840011197096
-0.029867711605805352
0.03026972768802293
-0.03055696663662852
0.030735594935712617
-0.0307976178294413
0.030735594935712617
-0.03055696663662852
0.03026972768802293
-0.029867711605805352
0.029344840011197096
-0.0287105713920719
0.027975405610206155
-0.027134247292859074
0.026181442903203733
-0.025129134993167504
0.023991268569418356
-0.022762674466520947
0.021436422510085037
-0.02002843741548431
0.01855813574170777
-0.017018101769013808
0.015396150083693739
-0.013714689193991745
0.012004972803476616
-0.010251892777711751
0.00842390885456416
-0.00655937870973026
0.0047369866930870785
-0.0029159331828347186
0.000993691946165168