0.000016075739090916186
-0.0000472331409911349
0.00007693493819050168
-0.00010694423586254984
0.0001380174273240288
-0.00016900748172917163
0.00019942210831247454
-0.00022986010810457092
0.0002606475912751437
-0.00029140069760458275
0.0003218790729621984
-0.0003523489564551004
0.0003829910329600093
-0.0004136023018206377
0.00044403552548076547
-0.0004744466081679599
0.0005049528110132971
-0.0005354243169677188
0.0005657593831667747
-0.0005960625281257136
0.0006264171344975983
-0.0006567311230631295
0.0006869288024235875
-0.0007170860469783249
0.0007472657304740483
-0.0007773981522318831
0.0008074241387574276
-0.0008374017189131315
0.0008673802645605538
-0.0008973046123964694
0.0009271268304946547
-0.0009568929562995427
0.0009866429233485558
-0.0010163316392788218
0.0010459192317735975
-0.0010754432269155332
0.001104936657095442
-0.0011343617488846537
0.001163684643831332
-0.0011929365708497647
0.0012221453369825363
-0.0012512786888080355
0.0012803073997052514
-0.0013092578857042828
0.0013381538854658
-0.0013669674341450992
0.0013956729657273988
-0.0014242931204044792
0.0014528483963064567
-0.0014813142424462734
0.0015096680485888168
-0.001537929428451616
0.0015661162497268598
-0.0015942067348291141
0.001622180703972532
-0.0016500553012064765
0.0016778462246658547
-0.001705533989233906
0.0017331004451258249
-0.0017605606902927836
0.0017879286088852927
-0.0018151866393092213
0.0018423183506158594
-0.0018693371234092175
0.0018962553072042502
-0.001923056975666895
0.0019497271708644017
-0.001976277815676576
0.0020027199479379157
-0.002029039047759343
0.0020552214332122303
-0.0020812777776085508
0.0021072179875289182
-0.0021330287653785443
0.002158697545334976
-0.002184233920269814
0.0022096468133169685
-0.002234923999164515
0.002260053896869268
-0.0022850451579066976
0.0023099058443727684
-0.002334624679722018
0.0023591909591266728
-0.002383612508182832
0.0024078966303123918
-0.0024320328950640877
0.0024560113827848517
-0.002479839190065588
0.002503522948004115
-0.002527052986171347
0.002550420093452114
-0.0025736307193585817
0.002596690896078128
-0.0026195916404993438
0.0026423243850070576
-0.0026648950018459978
0.0026873089871498664
-0.002709557983293393
0.0027316340106183887
-0.00275354242399648
0.0027752882376682842
-0.002796863666588783
0.002818261271353951
-0.0028394859411644095
0.0028605422553025246
-0.0028814229557868926
0.002902121102290501
-0.002922641163220119
0.002942987323781901
-0.0029631528137065355
0.002983131156038929
-0.0030029264375379438
0.0030225424851066103
-0.003041972982017412
0.003061211883602382
-0.0030802629292696203
0.003099129619048804
-0.003117806059967832
0.0031362866124873857
-0.003154574698830782
0.003172673519866349
-0.0031905775803237244
0.003208281621991205
-0.003225788776529356
0.003243101970154004
-0.0032602160824405234
0.003277126215591
-0.0032938352342658135
0.0033103458117597524
-0.0033266531823928033
0.0033427527903639527
-0.0033586472542378835
0.003374339013696813
-0.0033898236400907162
0.00340509690336974
-0.003420161194583849
0.0034350187369845005
-0.0034496654233155946
0.0034640973349303115
-0.0034783166519017296
0.003492325396354606
-0.003506119768610464
0.0035196961487447185
-0.003533056520583942
0.0035462027187625087
-0.0035591312389646823
0.003571838748779899
-0.0035843270489102214
0.0035965977986457316
-0.003608647778235294
0.0036204739328816243
-0.0036320778918442526
0.0036434611498756438
-0.003654620762251057
0.0036655539430527056
-0.003676262160482822
0.0036867467543513477
-0.0036970050465483795
0.003707034512349392
-0.00371683646810932
0.0037264121071880494
-0.0037357590106920583
0.003744874908349669
-0.0037537609728066773
0.003762418258455488
-0.00377084459913686
0.003779037973150799
-0.0037869994165883455
0.00379472985142552
-0.0038022273585896276
0.0038094901598569016
-0.00381651916100878
0.0038233151572912532
-0.0038298764718350483
0.003836201565520636
-0.003842291219219051
0.003848146106323782
-0.003853764787991576
0.003859145960506751
-0.003864290284435863
0.0038691983154355986
-0.003873868849167902
0.003878300814248489
-0.003882494754796533
0.0038864511121241064
-0.003890168913493361
0.003893647317371784
-0.0038968867545752565
0.0038998875547711933
-0.003902648974499846
0.003905170400165296
-0.003907452151740281
0.003909494449279434
-0.003911296776835958
0.003912858747378241
-0.0039141805718343565
0.003915262362028296
-0.003916103828298076
0.0039167048093316364
-0.003917065408165021
0.0039171856291372945
-0.003917065408165021
0.0039167048093316364
-0.003916103828298076
0.003915262362028296
-0.0039141805718343565
0.003912858747378241
-0.003911296776835958
0.003909494449279434
-0.003907452151740281
0.003905170400165296
-0.003902648974499846
0.0038998875547711933
-0.0038968867545752565
0.003893647317371784
-0.003890168913493361
0.0038864511121241064
-0.003882494754796533
0.003878300814248489
-0.003873868849167902
0.0038691983154355986
-0.003864290284435863
0.003859145960506751
-0.003853764787991576
0.003848146106323782
-0.003842291219219051
0.003836201565520636
-0.0038298764718350483
0.0038233151572912532
-0.00381651916100878
0.0038094901598569016
-0.0038022273585896276
0.00379472985142552
-0.0037869994165883455
0.003779037973150799
-0.00377084459913686
0.003762418258455488
-0.0037537609728066773
0.003744874908349669
-0.0037357590106920583
0.0037264121071880494
-0.00371683646810932
0.003707034512349392
-0.0036970050465483795
0.0036867467543513477
-0.003676262160482822
0.0036655539430527056
-0.003654620762251057
0.0036434611498756438
-0.0036320778918442526
0.0036204739328816243
-0.003608647778235294
0.0035965977986457316
-0.0035843270489102214
0.003571838748779899
-0.0035591312389646823
0.0035462027187625087
-0.003533056520583942
0.0035196961487447185
-0.003506119768610464
0.003492325396354606
-0.0034783166519017296
0.0034640973349303115
-0.0034496654233155946
0.0034350187369845005
-0.003420161194583849
0.00340509690336974
-0.0033898236400907162
0.003374339013696813
-0.0033586472542378835
0.0033427527903639527
-0.0033266531823928033
0.0033103458117597524
-0.0032938352342658135
0.003277126215591
-0.0032602160824405234
0.003243101970154004
-0.003225788776529356
0.003208281621991205
-0.0031905775803237244
0.003172673519866349
-0.003154574698830782
0.0031362866124873857
-0.003117806059967832
0.003099129619048804
-0.0030802629292696203
0.003061211883602382
-0.003041972982017412
0.0030225424851066103
-0.0030029264375379438
0.002983131156038929
-0.0029631528137065355
0.002942987323781901
-0.002922641163220119
0.002902121102290501
-0.0028814229557868926
0.0028605422553025246
-0.0028394859411644095
0.002818261271353951
-0.002796863666588783
0.0027752882376682842
-0.00275354242399648
0.0027316340106183887
-0.002709557983293393
0.0026873089871498664
-0.0026648950018459978
0.0026423243850070576
-0.0026195916404993438
0.002596690896078128
-0.0025736307193585817
0.002550420093452114
-0.002527052986171347
0.002503522948004115
-0.002479839190065588
0.0024560113827848517
-0.0024320328950640877
0.0024078966303123918
-0.002383612508182832
0.0023591909591266728
-0.002334624679722018
0.0023099058443727684
-0.0022850451579066976
0.002260053896869268
-0.002234923999164515
0.0022096468133169685
-0.002184233920269814
0.002158697545334976
-0.0021330287653785443
0.0021072179875289182
-0.0020812777776085508
0.0020552214332122303
-0.002029039047759343
0.0020027199479379157
-0.001976277815676576
0.0019497271708644017
-0.001923056975666895
0.0018962553072042502
-0.0018693371234092175
0.0018423183506158594
-0.0018151866393092213
0.0017879286088852927
-0.0017605606902927836
0.0017331004451258249
-0.001705533989233906
0.0016778462246658547
-0.0016500553012064765
0.001622180703972532
-0.0015942067348291141
0.0015661162497268598
-0.001537929428451616
0.0015096680485888168
-0.0014813142424462734
0.0014528483963064567
-0.0014242931204044792
0.0013956729657273988
-0.0013669674341450992
0.0013381538854658
-0.0013092578857042828
0.0012803073997052514
-0.0012512786888080355
0.0012221453369825363
-0.0011929365708497647
0.001163684643831332
-0.0011343617488846537
0.001104936657095442
-0.0010754432269155332
0.0010459192317735975
-0.0010163316392788218
0.0009866429233485558
-0.0009568929562995427
0.0009271268304946547
-0.0008973046123964694
0.0008673802645605538
-0.0008374017189131315
0.0008074241387574276
-0.0007773981522318831
0.0007472657304740483
-0.0007170860469783249
0.0006869288024235875
-0.0006567311230631295
0.0006264171344975983
-0.0005960625281257136
0.0005657593831667747
-0.0005354243169677188
0.0005049528110132971
-0.0004744466081679599
0.00044403552548076547
-0.0004136023018206377
0.0003829910329600093
-0.0003523489564551004
0.0003218790729621984
-0.00029140069760458275
0.0002606475912751437
-0.00022986010810457092
0.00019942210831247454
-0.00016900748172917163
0.0001380174273240288
-0.00010694423586254984
0.00007693493819050168
-0.0000472331409911349
0.000016075739090916186