4.028996165499983e-6
-0.000011838023238219821
0.00001928275232229053
-0.000026805429790686827
0.00003459601882513026
-0.00004236736543813079
0.000049996392432202125
-0.00005763357376644516
0.00006536105357131504
-0.0000730829233844232
0.00008073922940890985
-0.00008839711510451534
0.00009610229156907709
-0.00010380416125926228
0.0001114660929211927
-0.00011912759016320533
0.000126818479570533
-0.00013450649086715723
0.0001421663816728805
-0.00014982478722253855
0.00015750305238906387
-0.0001651783518342489
0.00017283195990711958
-0.0001804833413042857
0.0001881487084837311
-0.00019581083229146465
0.0002034551148835149
-0.00021109655547269952
0.00021874798908487884
-0.00022639581790115954
0.00023402824969832897
-0.0002416572843121534
0.0002492933968053684
-0.00025692550143619977
0.0002645438141675995
-0.00027215820673466004
0.00027977742928857007
-0.00028739221845090643
0.00029499428559389383
-0.0003025919284911646
0.00031019259164850546
-0.00031778838310699237
0.00032537216313568523
-0.0003329510268424767
0.0003405314023974966
-0.0003481064604753717
0.00035566996662937374
-0.00036322807257912603
0.0003707863970456836
-0.00037833895389742826
0.000385880237078868
-0.0003934156421564176
0.0004009501307642416
-0.0004084783991938536
0.00041599553783713524
-0.00042350632513152195
0.000431015180634251
-0.0004385173622353622
0.0004460084560985291
-0.00045349272920660775
0.00046097414769629016
-0.0004684484382698614
0.00047591160453876223
-0.0004833674839796127
0.0004908196588964702
-0.0004982642522154637
0.0005056976230277356
-0.0005131232439612719
0.0005205443689742774
-0.0005279574595074946
0.000535359180378448
-0.0005427526911572407
0.0005501409623147854
-0.0005575207472743785
0.0005648889761128771
-0.0005722485373817707
0.000579602154777014
-0.0005869468357140393
0.0005942797422343523
-0.0006016035263992698
0.0006089206955045929
-0.0006162284795951828
0.0006235242450005342
-0.0006308104359515528
0.0006380893687221975
-0.0006453584698369629
0.0006526152866932141
-0.000659862079706119
0.000667100995519459
-0.0006743296351381051
0.0006815457073826266
-0.00068875130914779
0.0006959484356233322
-0.0007031348436364305
0.0007103083866846832
-0.0007174710154281092
0.0007246245891592831
-0.0007317670045865166
0.0007388962455098869
-0.000746014131181709
0.00075312239840148
-0.0007602190700468356
0.0007673022478031961
-0.0007743736323159795
0.0007814348495118092
-0.0007884840365704422
0.0007955194022738397
-0.0008025425397780791
0.0008095549742675553
-0.0008165549468950767
0.0008235407641147069
-0.0008305139213020567
0.0008374758517775001
-0.0008444248916294494
0.0008513594367105554
-0.0008582808931379077
0.0008651906101861024
-0.0008720870109334919
0.0008789685733346788
-0.0008858366217637812
0.000892692428365405
-0.0008995344961906323
0.0009063613788334613
-0.0009131743255820739
0.0009199745375943059
-0.0009267605916708092
0.0009335311112982928
-0.0009402872765998619
0.0009470302232248538
-0.0009537585961829892
0.000960471083724614
-0.000967168802093975
0.0009738528263351233
-0.0009805218647161952
0.0009871746656573777
-0.0009938122862606649
0.0010004357453683307
-0.0010070438100682807
0.001013635284822784
-0.0010202111718499317
0.0010267724377577777
-0.0010333179044616637
0.0010398464287456413
-0.0010463589617843586
0.0010528564215372572
-0.0010593376811454597
0.0010658016463520818
-0.0010722492207622788
0.0010786812769364772
-0.0010850967359833116
0.0010914945495571937
-0.001097875576844991
0.001104240647961213
-0.001110588729026454
0.0011169188148371734
-0.0011232317230279152
0.0011295282439577026
-0.0011358073860715113
0.0011420681847855696
-0.001148311418795183
0.0011545378411609573
-0.0011607465002025107
0.0011669364696533214
-0.0011731084916576217
0.0011792632842265833
-0.0011853999333166548
0.0011915175488721212
-0.0011976168386735888
0.0012036984877458214
-0.001209761617633485
0.001215805372560744
-0.0012218304279524642
0.0012278374377432584
-0.0012338255571869123
0.0012397939630140369
-0.001245743300140471
0.001251674193157052
-0.0012575858292998242
0.0012634774161741007
-0.0012693495698884337
0.0012752028873011547
-0.0012810365860407918
0.0012868499030833807
-0.0012926434273011708
0.0012984177293092294
-0.0013041720556624934
0.001309905671319259
-0.0013156191393682356
0.0013213130055599335
-0.001326986544021527
0.0013326390464098285
-0.0013382710513755844
0.0013438830810831375
-0.0013494744359792362
0.0013550444332304623
-0.001360593588297905
0.0013661224009468248
-0.0013716301967831165
0.001377116317380893
-0.0013825812561712389
0.0013880254916242977
-0.0013934483734285826
0.0013988492665423754
-0.0014042286434456258
0.0014095869623412915
-0.0014149235960006215
0.0014202379318147022
-0.00142553042231736
0.00143080150640279
-0.001436050578995047
0.0014412770490326468
-0.0014464813500406476
0.0014516639024990587
-0.0014568241226190712
0.001461961440061581
-0.0014670762702181988
0.0014721690159908139
-0.0014772391140707598
0.0014822860140719014
-0.0014873101140706387
0.0014923118001728573
-0.0014972905287971594
0.0015022457687919799
-0.0015071779016842424
0.0015120872975162287
-0.001516973431730687
0.0015218357917393132
-0.0015266747432367978
0.001531490640888351
-0.0015362829785035782
0.0015410512614295803
-0.0015457958402012996
0.0015505170547509028
-0.0015552144166399743
0.001559887448563288
-0.0015645364865270915
0.0015691618563352105
-0.00157376308672546
0.0015783397171897692
-0.0015828920697983043
0.0015874204567947335
-0.0015919244235536644
0.001596403525848131
-0.0016008580723691605
0.0016052883623344932
-0.001609693957249768
0.0016140744286850413
-0.0016184300724759943
0.001622761175317082
-0.0016270673143704629
0.001631348076548905
-0.0016356037453256387
0.0016398345953450174
-0.0016440402189802706
0.001648220218060297
-0.0016523748641599295
0.0016565044203191229
-0.0016606084937038099
0.001664686700658288
-0.0016687393012961077
0.0016727665474727807
-0.0016767680607538927
0.0016807434716224674
-0.001684693029142763
0.0016886169743816778
-0.0016925149429350048
0.0016963865790704169
-0.0017002321211912017
0.0017040517999489225
-0.001707845264622188
0.0017116121729303315
-0.0017153527529818779
0.0017190672253651258
-0.0017227552527147541
0.0017264165058885812
-0.0017300512030457686
0.0017336595550433936
-0.0017372412375649252
0.00174079593431203
-0.0017443238538202952
0.0017478251975288864
-0.001751299653880923
0.0017547469191447577
-0.0017581671925397811
0.0017615606663827508
-0.0017649270416044275
0.0017682660267791537
-0.0017715778121000086
0.0017748625810401503
-0.0017781200467620962
0.0017813499299009238
-0.0017845524118968636
0.0017877276676423538
-0.0017908754222910322
0.0017939954083080528
-0.001797087798638661
0.001800152759842478
-0.0018031900288378977
0.0018061993497033475
-0.0018091808871321528
0.001812134799584757
-0.0018150608355315299
0.0018179587504604106
-0.001820828701041884
0.0018236708378572203
-0.0018264849207288764
0.00182927071636293
-0.0018320283736227147
0.0018347580354174835
-0.001837459472734039
0.0018401324633169755
-0.0018427771484254413
0.0018453936634915723
-0.0018479817904902746
0.0018505413180362146
-0.0018530723799752638
0.001855575104445477
-0.0018580492842447034
0.0018604947186998855
-0.0018629115344228437
0.0018652998524294373
-0.0018676594761857393
0.0018699902155832745
-0.0018722921901680157
0.0018745655139947002
-0.0018768100010528733
0.0018790254716606677
-0.0018812120384557663
0.001883369808682527
-0.0018854986067187891
0.001887598263180531
-0.0018896688839445091
0.0018917105695855244
-0.0018937231547436304
0.0018957064802128222
-0.001897660645246425
0.001899585743880934
-0.0019014816209013401
0.0019033481271682566
-0.0019051853554397256
0.0019069933933358843
-0.0019087720956777778
0.0019105213232895202
-0.0019122411625527617
0.001913931694784406
-0.0019155927847407295
0.0019172243031140921
-0.001918826330019868
0.0019203989405761617
-0.0019219420093814805
0.001923455416908806
-0.0019249392371087743
0.0019263935389967326
-0.0019278182069279975
0.0019292131310758543
-0.001930578379319487
0.001931914014659385
-0.0019332199311294746
0.0019344960285302766
-0.0019357423687546207
0.0019369590088681571
-0.0019381458525123112
0.0019393028090486518
-0.0019404299344609895
0.0019415272799522831
-0.0019425947587073042
0.001943632289589211
-0.001944639922742408
0.0019456177035717971
-0.0019465655547480027
0.0019474834045829488
-0.0019483712974436391
0.0019492292729942405
-0.0019500572633401939
0.0019508552061958276
-0.0019516231402054896
0.001952361099342445
-0.0019530690251024527
0.0019537468645621932
-0.0019543946506907542
0.0019550124118132904
-0.001955600098777631
0.001956157667988906
-0.0019566851467812934
0.0019571825578674797
-0.0019576498614152496
0.001958087023130563
-0.0019584940647458223
0.0019588710033900123
-0.0019592178085248648
0.001959534455135444
-0.0019598209593787714
0.0019600773328217577
-0.001960303554200178
0.0019604996077625765
-0.0019606655041097083
0.0019608012492616663
-0.001960906831214186
0.0019609822434690596
-0.001961027491085558
0.0019610425745399084
-0.001961027491085558
0.0019609822434690596
-0.001960906831214186
0.0019608012492616663
-0.0019606655041097083
0.0019604996077625765
-0.001960303554200178
0.0019600773328217577
-0.0019598209593787714
0.001959534455135444
-0.0019592178085248648
0.0019588710033900123
-0.0019584940647458223
0.001958087023130563
-0.0019576498614152496
0.0019571825578674797
-0.0019566851467812934
0.001956157667988906
-0.001955600098777631
0.0019550124118132904
-0.0019543946506907542
0.0019537468645621932
-0.0019530690251024527
0.001952361099342445
-0.0019516231402054896
0.0019508552061958276
-0.0019500572633401939
0.0019492292729942405
-0.0019483712974436391
0.0019474834045829488
-0.0019465655547480027
0.0019456177035717971
-0.001944639922742408
0.001943632289589211
-0.0019425947587073042
0.0019415272799522831
-0.0019404299344609895
0.0019393028090486518
-0.0019381458525123112
0.0019369590088681571
-0.0019357423687546207
0.0019344960285302766
-0.0019332199311294746
0.001931914014659385
-0.001930578379319487
0.0019292131310758543
-0.0019278182069279975
0.0019263935389967326
-0.0019249392371087743
0.001923455416908806
-0.0019219420093814805
0.0019203989405761617
-0.001918826330019868
0.0019172243031140921
-0.0019155927847407295
0.001913931694784406
-0.0019122411625527617
0.0019105213232895202
-0.0019087720956777778
0.0019069933933358843
-0.0019051853554397256
0.0019033481271682566
-0.0019014816209013401
0.001899585743880934
-0.001897660645246425
0.0018957064802128222
-0.0018937231547436304
0.0018917105695855244
-0.0018896688839445091
0.001887598263180531
-0.0018854986067187891
0.001883369808682527
-0.0018812120384557663
0.0018790254716606677
-0.0018768100010528733
0.0018745655139947002
-0.0018722921901680157
0.0018699902155832745
-0.0018676594761857393
0.0018652998524294373
-0.0018629115344228437
0.0018604947186998855
-0.0018580492842447034
0.001855575104445477
-0.0018530723799752638
0.0018505413180362146
-0.0018479817904902746
0.0018453936634915723
-0.0018427771484254413
0.0018401324633169755
-0.001837459472734039
0.0018347580354174835
-0.0018320283736227147
0.00182927071636293
-0.0018264849207288764
0.0018236708378572203
-0.001820828701041884
0.0018179587504604106
-0.0018150608355315299
0.001812134799584757
-0.0018091808871321528
0.0018061993497033475
-0.0018031900288378977
0.001800152759842478
-0.001797087798638661
0.0017939954083080528
-0.0017908754222910322
0.0017877276676423538
-0.0017845524118968636
0.0017813499299009238
-0.0017781200467620962
0.0017748625810401503
-0.0017715778121000086
0.0017682660267791537
-0.0017649270416044275
0.0017615606663827508
-0.0017581671925397811
0.0017547469191447577
-0.001751299653880923
0.0017478251975288864
-0.0017443238538202952
0.00174079593431203
-0.0017372412375649252
0.0017336595550433936
-0.0017300512030457686
0.0017264165058885812
-0.0017227552527147541
0.0017190672253651258
-0.0017153527529818779
0.0017116121729303315
-0.001707845264622188
0.0017040517999489225
-0.0017002321211912017
0.0016963865790704169
-0.0016925149429350048
0.0016886169743816778
-0.001684693029142763
0.0016807434716224674
-0.0016767680607538927
0.0016727665474727807
-0.0016687393012961077
0.001664686700658288
-0.0016606084937038099
0.0016565044203191229
-0.0016523748641599295
0.001648220218060297
-0.0016440402189802706
0.0016398345953450174
-0.0016356037453256387
0.001631348076548905
-0.0016270673143704629
0.001622761175317082
-0.0016184300724759943
0.0016140744286850413
-0.001609693957249768
0.0016052883623344932
-0.0016008580723691605
0.001596403525848131
-0.0015919244235536644
0.0015874204567947335
-0.0015828920697983043
0.0015783397171897692
-0.00157376308672546
0.0015691618563352105
-0.0015645364865270915
0.001559887448563288
-0.0015552144166399743
0.0015505170547509028
-0.0015457958402012996
0.0015410512614295803
-0.0015362829785035782
0.001531490640888351
-0.0015266747432367978
0.0015218357917393132
-0.001516973431730687
0.0015120872975162287
-0.0015071779016842424
0.0015022457687919799
-0.0014972905287971594
0.0014923118001728573
-0.0014873101140706387
0.0014822860140719014
-0.0014772391140707598
0.0014721690159908139
-0.0014670762702181988
0.001461961440061581
-0.0014568241226190712
0.0014516639024990587
-0.0014464813500406476
0.0014412770490326468
-0.001436050578995047
0.00143080150640279
-0.00142553042231736
0.0014202379318147022
-0.0014149235960006215
0.0014095869623412915
-0.0014042286434456258
0.0013988492665423754
-0.0013934483734285826
0.0013880254916242977
-0.0013825812561712389
0.001377116317380893
-0.0013716301967831165
0.0013661224009468248
-0.001360593588297905
0.0013550444332304623
-0.0013494744359792362
0.0013438830810831375
-0.0013382710513755844
0.0013326390464098285
-0.001326986544021527
0.0013213130055599335
-0.0013156191393682356
0.001309905671319259
-0.0013041720556624934
0.0012984177293092294
-0.0012926434273011708
0.0012868499030833807
-0.0012810365860407918
0.0012752028873011547
-0.0012693495698884337
0.0012634774161741007
-0.0012575858292998242
0.001251674193157052
-0.001245743300140471
0.0012397939630140369
-0.0012338255571869123
0.0012278374377432584
-0.0012218304279524642
0.001215805372560744
-0.001209761617633485
0.0012036984877458214
-0.0011976168386735888
0.0011915175488721212
-0.0011853999333166548
0.0011792632842265833
-0.0011731084916576217
0.0011669364696533214
-0.0011607465002025107
0.0011545378411609573
-0.001148311418795183
0.0011420681847855696
-0.0011358073860715113
0.0011295282439577026
-0.0011232317230279152
0.0011169188148371734
-0.001110588729026454
0.001104240647961213
-0.001097875576844991
0.0010914945495571937
-0.0010850967359833116
0.0010786812769364772
-0.0010722492207622788
0.0010658016463520818
-0.0010593376811454597
0.0010528564215372572
-0.0010463589617843586
0.0010398464287456413
-0.0010333179044616637
0.0010267724377577777
-0.0010202111718499317
0.001013635284822784
-0.0010070438100682807
0.0010004357453683307
-0.0009938122862606649
0.0009871746656573777
-0.0009805218647161952
0.0009738528263351233
-0.000967168802093975
0.000960471083724614
-0.0009537585961829892
0.0009470302232248538
-0.0009402872765998619
0.0009335311112982928
-0.0009267605916708092
0.0009199745375943059
-0.0009131743255820739
0.0009063613788334613
-0.0008995344961906323
0.000892692428365405
-0.0008858366217637812
0.0008789685733346788
-0.0008720870109334919
0.0008651906101861024
-0.0008582808931379077
0.0008513594367105554
-0.0008444248916294494
0.0008374758517775001
-0.0008305139213020567
0.0008235407641147069
-0.0008165549468950767
0.0008095549742675553
-0.0008025425397780791
0.0007955194022738397
-0.0007884840365704422
0.0007814348495118092
-0.0007743736323159795
0.0007673022478031961
-0.0007602190700468356
0.00075312239840148
-0.000746014131181709
0.0007388962455098869
-0.0007317670045865166
0.0007246245891592831
-0.0007174710154281092
0.0007103083866846832
-0.0007031348436364305
0.0006959484356233322
-0.00068875130914779
0.0006815457073826266
-0.0006743296351381051
0.000667100995519459
-0.000659862079706119
0.0006526152866932141
-0.0006453584698369629
0.0006380893687221975
-0.0006308104359515528
0.0006235242450005342
-0.0006162284795951828
0.0006089206955045929
-0.0006016035263992698
0.0005942797422343523
-0.0005869468357140393
0.000579602154777014
-0.0005722485373817707
0.0005648889761128771
-0.0005575207472743785
0.0005501409623147854
-0.0005427526911572407
0.000535359180378448
-0.0005279574595074946
0.0005205443689742774
-0.0005131232439612719
0.0005056976230277356
-0.0004982642522154637
0.0004908196588964702
-0.0004833674839796127
0.00047591160453876223
-0.0004684484382698614
0.00046097414769629016
-0.00045349272920660775
0.0004460084560985291
-0.0004385173622353622
0.000431015180634251
-0.00042350632513152195
0.00041599553783713524
-0.0004084783991938536
0.0004009501307642416
-0.0003934156421564176
0.000385880237078868
-0.00037833895389742826
0.0003707863970456836
-0.00036322807257912603
0.00035566996662937374
-0.0003481064604753717
0.0003405314023974966
-0.0003329510268424767
0.00032537216313568523
-0.00031778838310699237
0.00031019259164850546
-0.0003025919284911646
0.00029499428559389383
-0.00028739221845090643
0.00027977742928857007
-0.00027215820673466004
0.0002645438141675995
-0.00025692550143619977
0.0002492933968053684
-0.0002416572843121534
0.00023402824969832897
-0.00022639581790115954
0.00021874798908487884
-0.00021109655547269952
0.0002034551148835149
-0.00019581083229146465
0.0001881487084837311
-0.0001804833413042857
0.00017283195990711958
-0.0001651783518342489
0.00015750305238906387
-0.00014982478722253855
0.0001421663816728805
-0.00013450649086715723
0.000126818479570533
-0.00011912759016320533
0.0001114660929211927
-0.00010380416125926228
0.00009610229156907709
-0.00008839711510451534
0.00008073922940890985
-0.0000730829233844232
0.00006536105357131504
-0.00005763357376644516
0.000049996392432202125
-0.00004236736543813079
0.00003459601882513026
-0.000026805429790686827
0.00001928275232229053
-0.000011838023238219821
4.028996165499983e-6