1.4954424119029142e-6
9.01364801875193e-6
0.00002430392656971314
0.00004749176533436206
0.00007831374691846804
0.00011671436664451029
0.0001628251225477273
0.00021669256867962172
0.0002782373016467776
0.0003474221031485314
0.0004242989736500391
0.0005088953759601056
0.0006011714228175702
0.0007011026014120958
0.000808716987267255
0.0009240320140779801
0.0010470223152356795
0.0011776699256798029
0.0013159921893081128
0.0014620007446037864
0.0016156771137864068
0.0017770069841214209
0.0019460017364159032
0.0021226692666380664
0.0023069948448790623
0.002498966326401897
0.0026985912958068514
0.0029058750115921184
0.003120804946205924
0.003343370286167602
0.003573575957988906
0.0038114252316509
0.0040569069256557455
0.004310011048929252
0.004570740530612127
0.00483909706011687
0.005115070285747647
0.005398650710499497
0.005689839678956199
0.005988637570575328
0.006295034531972776
0.006609021338198406
0.006930598022159895
0.007259763840830269
0.007596509215665015
0.007940825037900279
0.008292710217408406
0.008652163023278314
0.009019173995228558
0.009393734027859257
0.009775841043270672
0.01016549242226128
0.010562678709642004
0.010967390719636372
0.011379625486577671
0.011799379578594782
0.012226643461686115
0.012661407806243585
0.013103668834731352
0.013553422361337386
0.01401065870972662
0.014475368357543483
0.014947546774314535
0.01542718906682028
0.01591428536746753
0.016408825922908155
0.016910805496424652
0.017420218524933473
0.017937054911362882
0.018461304641126164
0.018992961808938946
0.019532020212648993
0.020078469495503626
0.020632299357538963
0.021193503255815482
0.021762074374762186
0.022338002073863383
0.02292127574837921
0.023511888243471835
0.02410983215182294
0.02471509652982029
0.0253276704522869
0.02594754617425754
0.026574715715226294
0.02720916781289273
0.027850891208967554
0.02849987758701178
0.02915611840943133
0.029819602082635344
0.03049031700496263
0.03116825430469139
0.031853404901274196
0.03254575685964667
0.03324529822649591
0.033952019589040594
0.034665911336337674
0.03538696118364548
0.036115156819357175
0.03685048830227544
0.03759294550234016
0.038342515778568065
0.03909918645578614
0.03986294707574456
0.04063378699950393
0.04141169322464511
0.042196652708314186
0.04298865448552991
0.043787687417859766
0.04459373813741174
0.04540679323052221
0.04622684123494669
0.04705387052144605
0.047887867353605285
0.04872881794466877
0.049576710343897545
0.050431532439356275
0.05129327012390317
0.05216190923614472
0.053037437345038074
0.053919841863587004
0.054809108312454224
0.05570522215470386
0.05660817048670341
0.05751794025363954
0.05843451660315169
0.05935788462242164
0.06028803094254964
0.06122494204782347
0.062168602712597165
0.06311899764833107
0.0640761130278551
0.06503993488121074
0.06601044760970398
0.06698763554968168
0.06797148442243284
0.06896197981018659
0.06995910574188402
0.07096284617976811
0.0719731864000972
0.07299011154354174
0.07401360526776302
0.0750436511622723
0.07608023406462705
0.07712333868004906
0.07817294829636645
0.07922904613206039
0.0802916165921721
0.08136064395246745
0.08243611113271754
0.08351800098237683
0.08460629748003723
0.08570098447791041
0.08680204452978646
0.08790946011837364
0.0890232148017891
0.09014329201451998
0.09126967394672847
0.09240234271691261
0.0935412814686174
0.09468647322438173
0.095837899813348
0.09699554299257707
0.09815938549689007
0.09932940994261652
0.10050559780072299
0.10168793046982716
0.1028763902818357
0.1040709594525826
0.10527161909792282
0.10647835026123142
0.10769113487728443
0.10890995476712018
0.11013479069475218
0.1113656233517073
0.11260243428140038
0.11384520491576966
0.1150939156704508
0.11634854688869944
0.11760907972833379
0.11887549523789254
0.12014777348827832
0.12142589447822538
0.12270983898572307
0.123999587681623
0.1252951202959114
0.12659641648671427
0.12790345665797098
0.12921622110857633
0.1305346892315793
0.13185884034856632
0.13318865449522277
0.13452411160423972
0.13586519073586278
0.13721187087935582
0.138564131707968
0.13992195279396824
0.14128531286907964
0.14265419059460105
0.14402856528719088
0.14540841616450906
0.14679372163417737
0.14818446003402252
0.14958061032998837
0.15098215139097437
0.15238906130505603
0.15380131809121056
0.15521890037057773
0.15664178666918238
0.15806995476023822
0.1595033823486196
0.16094204771660947
0.16238592905328508
0.1638350038218055
0.1652892494178082
0.1667486437907062
0.16821316479859894
0.1696827895995161
0.1711574952848396
0.17263725947714081
0.17412205970955497
0.1756118728400219
0.17710667566075977
0.17860644547357007
0.1801111594926823
0.181620794281096
0.18313532633706453
0.18465473264773502
0.1861789901145372
0.18770807501078546
0.1892419635460696
0.1907806323990443
0.19232405816449238
0.1938722168314
0.19542508432609484
0.196982637024947
0.19854485122229326
0.20011170262824707
0.2016831668913719
0.2032592200920078
0.2048398382302945
0.20642499674302384
0.20801467100658555
0.20960883681159148
0.21120746987028238
0.21281054535177124
0.21441803836595485
0.21602992442006608
0.217646178944793
0.21926677684730134
0.22089169297676303
0.2225209025634287
0.2241543807628288
0.22579210222599932
0.22743404154723934
0.22908017368626177
0.23073047352988207
0.23238491547890805
0.23404347387869928
0.23570612342492225
0.23737283874216852
0.23904359398699848
0.2407183632618457
0.24239712100486766
0.24407984158497054
0.24576649892052693
0.24745706687713298
0.24915151964202176
0.25084983133499894
0.2525519756423833
0.2542579261990975
0.25596765694807977
0.2576811417666659
0.2593983541153291
0.2611192674045524
0.26284385533965393
0.26457209156217676
0.2663039493130255
0.26803940178454777
0.26977842245116057
0.2715209847253345
0.27326706163475156
0.275016626159995
0.2767696515513425
0.27852611099895686
0.28028597732370863
0.282049223300852
0.2838158219633298
0.28558574628580413
0.28735896888880896
0.28913546234876675
0.2909151994881315
0.292698153072913
0.29448429552984434
0.29627359924307495
0.29806603683145505
0.29986158085923176
0.3016602035659318
0.30346187715004713
0.3052665740337501
0.30707426658645276
0.3088849268671272
0.31069852689527977
0.31251503890336796
0.314334435072935
0.3161566872891046
0.317981767399123
0.31980964745273277
0.3216402994506111
0.32347369511079216
0.3253098061150391
0.3271486043374152
0.32899006160476985
0.33083414947485656
0.33268083947078275
0.33453010329800137
0.336381912616607
0.33823623883092946
0.340093053312295
0.34195232760464855
0.34381403320843507
0.3456781413814647
0.34754462335020186
0.3494134505042177
0.35128459419144364
0.3531580255301181
0.35503371560880725
0.3569116356698723
0.35879175691589715
0.36067405033253874
0.36255848687747005
0.36444503765303415
0.3663336737236629
0.3682243659494613
0.37011708516425357
0.37201180233758446
0.37390848840295465
0.37580711410198653
0.3777076501517369
0.3796100673961972
0.38151433664518375
0.38342042852894054
0.3853283136548752
0.38723796274869393
0.38914934650380006
0.39106243544619745
0.39297720008079573
0.39489361102230736
0.3968116388550149
0.3987312540078539
0.400652426890418
0.4025751280137384
0.4044993278602902
0.40642499676914157
0.4083521050617831
0.4102806231528957
0.4122105214304791
0.4141417701509641
0.4160743395549782
0.41800819996820104
0.4199433216915063
0.42187967490594347
0.4238172297785432
0.4257559565533482
0.42769582545147133
0.42963680658586156
0.43157887005724227
0.4335219860353987
0.4354661246690612
0.4374112560103818
0.43935735010108834
0.44130437704409997
0.4432523069231561
0.44520110973693505
0.44715075547550165
0.4491012141823112
0.4510524558835133
0.4530044505316555
0.45495716807248987
0.4569105784974191
0.4588646517824131
0.4608193578412486
0.4627746665827309
0.4647305479536292
0.46668697188715114
0.46864390826567626
0.47060132696844503
0.4725591979050171
0.4745174909732597
0.47647617603154346
0.4784352229369374
0.4803946015692194
0.48235428179834305
0.48431423346606783
0.4862744264146962
0.4882348305016545
0.4901954155764091
0.4921561514715177
0.4941170080219287
0.4960779550701474
0.49803896245258095
0.5
0.501961037547419
0.5039220449298526
0.5058829919780713
0.5078438485284823
0.5098045844235909
0.5117651694983455
0.5137255735853038
0.5156857665339322
0.517645718201657
0.5196053984307806
0.5215647770630626
0.5235238239684565
0.5254825090267403
0.5274408020949829
0.529398673031555
0.5313560917343237
0.5333130281128489
0.5352694520463708
0.5372253334172691
0.5391806421587514
0.5411353482175869
0.5430894215025809
0.5450428319275101
0.5469955494683445
0.5489475441164867
0.5508987858176888
0.5528492445244984
0.554798890263065
0.5567476930768439
0.5586956229559
0.5606426498989117
0.5625887439896182
0.5645338753309388
0.5664780139646013
0.5684211299427577
0.5703631934141384
0.5723041745485287
0.5742440434466518
0.5761827702214568
0.5781203250940565
0.5800566783084937
0.581991800031799
0.5839256604450218
0.5858582298490359
0.5877894785695209
0.5897193768471043
0.5916478949382169
0.5935750032308584
0.5955006721397098
0.5974248719862616
0.599347573109582
0.6012687459921461
0.6031883611449851
0.6051063889776926
0.6070227999192043
0.6089375645538025
0.6108506534961999
0.6127620372513061
0.6146716863451248
0.6165795714710595
0.6184856633548163
0.6203899326038028
0.6222923498482631
0.6241928858980135
0.6260915115970453
0.6279881976624155
0.6298829148357464
0.6317756340505387
0.6336663262763371
0.6355549623469658
0.63744151312253
0.6393259496674613
0.6412082430841028
0.6430883643301277
0.6449662843911927
0.6468419744698819
0.6487154058085564
0.6505865494957823
0.6524553766497981
0.6543218586185353
0.6561859667915649
0.6580476723953514
0.659906946687705
0.6617637611690705
0.663618087383393
0.6654698967019986
0.6673191605292172
0.6691658505251434
0.6710099383952302
0.6728513956625848
0.6746901938849609
0.6765263048892078
0.6783597005493889
0.6801903525472672
0.682018232600877
0.6838433127108954
0.685665564927065
0.687484961096632
0.6893014731047202
0.6911150731328728
0.6929257334135472
0.6947334259662499
0.6965381228499529
0.6983397964340682
0.7001384191407682
0.701933963168545
0.703726400756925
0.7055157044701557
0.707301846927087
0.7090848005118685
0.7108645376512333
0.712641031111191
0.7144142537141959
0.7161841780366702
0.717950776699148
0.7197140226762914
0.7214738890010431
0.7232303484486575
0.724983373840005
0.7267329383652484
0.7284790152746655
0.7302215775488394
0.7319605982154522
0.7336960506869745
0.7354279084378232
0.7371561446603461
0.7388807325954476
0.7406016458846709
0.7423188582333341
0.7440323430519202
0.7457420738009025
0.7474480243576167
0.7491501686650011
0.7508484803579782
0.752542933122867
0.7542335010794731
0.7559201584150295
0.7576028789951323
0.7592816367381543
0.7609564060130015
0.7626271612578315
0.7642938765750777
0.7659565261213007
0.767615084521092
0.7692695264701179
0.7709198263137382
0.7725659584527607
0.7742078977740007
0.7758456192371712
0.7774790974365713
0.779108307023237
0.7807332231526987
0.782353821055207
0.7839700755799339
0.7855819616340451
0.7871894546482288
0.7887925301297176
0.7903911631884085
0.7919853289934145
0.7935750032569762
0.7951601617697055
0.7967407799079922
0.7983168331086281
0.7998882973717529
0.8014551487777067
0.803017362975053
0.8045749156739052
0.8061277831686
0.8076759418355076
0.8092193676009557
0.8107580364539304
0.8122919249892145
0.8138210098854628
0.815345267352265
0.8168646736629355
0.818379205718904
0.8198888405073177
0.8213935545264299
0.8228933243392402
0.8243881271599781
0.825877940290445
0.8273627405228592
0.8288425047151604
0.8303172104004839
0.8317868352014011
0.8332513562092938
0.8347107505821918
0.8361649961781945
0.8376140709467149
0.8390579522833905
0.8404966176513804
0.8419300452397618
0.8433582133308176
0.8447810996294223
0.8461986819087894
0.847610938694944
0.8490178486090256
0.8504193896700116
0.8518155399659775
0.8532062783658226
0.8545915838354909
0.8559714347128091
0.857345809405399
0.8587146871309204
0.8600780472060318
0.861435868292032
0.8627881291206442
0.8641348092641372
0.8654758883957603
0.8668113455047772
0.8681411596514337
0.8694653107684207
0.8707837788914237
0.872096543342029
0.8734035835132857
0.8747048797040886
0.876000412318377
0.8772901610142769
0.8785741055217746
0.8798522265117217
0.8811245047621075
0.8823909202716662
0.8836514531113006
0.8849060843295492
0.8861547950842303
0.8873975657185996
0.8886343766482927
0.8898652093052478
0.8910900452328798
0.8923088651227156
0.8935216497387686
0.8947283809020772
0.8959290405474174
0.8971236097181643
0.8983120695301728
0.899494402199277
0.9006705900573835
0.9018406145031099
0.9030044570074229
0.904162100186652
0.9053135267756183
0.9064587185313826
0.9075976572830874
0.9087303260532715
0.90985670798548
0.9109767851982109
0.9120905398816264
0.9131979554702135
0.9142990155220896
0.9153937025199628
0.9164819990176232
0.9175638888672825
0.9186393560475326
0.9197083834078279
0.9207709538679396
0.9218270517036335
0.9228766613199509
0.923919765935373
0.9249563488377277
0.925986394732237
0.9270098884564583
0.9280268135999028
0.9290371538202319
0.930040894258116
0.9310380201898134
0.9320285155775672
0.9330123644503183
0.933989552390296
0.9349600651187893
0.9359238869721449
0.9368810023516689
0.9378313972874028
0.9387750579521765
0.9397119690574504
0.9406421153775784
0.9415654833968483
0.9424820597463605
0.9433918295132966
0.9442947778452961
0.9451908916875458
0.946080158136413
0.9469625626549619
0.9478380907638553
0.9487067298760968
0.9495684675606437
0.9504232896561025
0.9512711820553312
0.9521121326463947
0.952946129478554
0.9537731587650533
0.9545932067694778
0.9554062618625883
0.9562123125821402
0.9570113455144701
0.9578033472916858
0.9585883067753549
0.9593662130004961
0.9601370529242554
0.9609008135442139
0.9616574842214319
0.9624070544976598
0.9631495116977246
0.9638848431806428
0.9646130388163545
0.9653340886636623
0.9660479804109594
0.9667547017735041
0.9674542431403533
0.9681465950987258
0.9688317456953086
0.9695096829950374
0.9701803979173647
0.9708438815905687
0.9715001224129882
0.9721491087910324
0.9727908321871073
0.9734252842847737
0.9740524538257425
0.9746723295477131
0.9752849034701797
0.9758901678481771
0.9764881117565282
0.9770787242516208
0.9776619979261366
0.9782379256252378
0.9788064967441845
0.979367700642461
0.9799215305044964
0.980467979787351
0.981007038191061
0.9815386953588738
0.9820629450886371
0.9825797814750665
0.9830891945035753
0.9835911740770918
0.9840857146325325
0.9845728109331797
0.9850524532256855
0.9855246316424565
0.9859893412902734
0.9864465776386626
0.9868963311652686
0.9873385921937564
0.9877733565383139
0.9882006204214052
0.9886203745134223
0.9890326092803636
0.989437321290358
0.9898345075777387
0.9902241589567293
0.9906062659721407
0.9909808260047714
0.9913478369767217
0.9917072897825916
0.9920591749620997
0.992403490784335
0.9927402361591697
0.9930694019778401
0.9933909786618016
0.9937049654680272
0.9940113624294247
0.9943101603210438
0.9946013492895005
0.9948849297142524
0.9951609029398831
0.9954292594693879
0.9956899889510707
0.9959430930743443
0.9961885747683491
0.9964264240420111
0.9966566297138324
0.9968791950537941
0.9970941249884079
0.9973014087041931
0.9975010336735981
0.9976930051551209
0.9978773307333619
0.9980539982635841
0.9982229930158786
0.9983843228862136
0.9985379992553962
0.9986840078106919
0.9988223300743202
0.9989529776847643
0.999075967985922
0.9991912830127327
0.9992988973985879
0.9993988285771824
0.9994911046240399
0.99957570102635
0.9996525778968515
0.9997217626983532
0.9997833074313204
0.9998371748774523
0.9998832856333555
0.9999216862530815
0.9999525082346656
0.9999756960734303
0.9999909863519812
0.9999985045575881