5.9668377044852505e-6
0.000035964357465001484
0.00009697093931848588
0.00018948435953181075
0.0003124493953319263
0.00046563906342389494
0.00064957089452089
0.0008644220255447088
0.0011098658851682597
0.0013857428583101683
0.001692247588962359
0.0020294753694943823
0.002397251715372528
0.0027954621171493166
0.00322420009928992
0.003683515291405204
0.004173285572367957
0.00469341698466319
0.005243954604302492
0.0058249193196193705
0.006436210942518339
0.007077744539106812
0.0077495357968949685
0.008451585086952096
0.009183801651316159
0.009946103689537966
0.010738486185419172
0.011560933441716825
0.012413358001396979
0.013295677898584657
0.014207871999410204
0.015149911173781172
0.016121707893752113
0.017123178044627596
0.018154287062347008
0.01921499406424465
0.020305209443583827
0.021424845680716897
0.022573856486119426
0.023752190363322434
0.024959754363098385
0.02619645673582882
0.027462240619337108
0.028757044716838376
0.030080771910746984
0.03143332566716073
0.032814639374349475
0.03422464254418145
0.03566323333848831
0.03713031006319589
0.03862579697352242
0.04014961486566826
0.04170165680845961
0.0432818156943795
0.04489000712773872
0.04652614357542062
0.048190112764111226
0.04988180200698822
0.05160111864967376
0.053347967154936726
0.05512222974592729
0.056923788055038615
0.05875254149990883
0.060608386821905835
0.06249120064378422
0.06440085886451818
0.06633725326173057
0.06830027310830844
0.07028978937865138
0.07230567222374829
0.07434780603919822
0.0764160728613803
0.07851033800644558
0.0806304658932373
0.08277633377222515
0.08494781666059037
0.0871447742367123
0.08936706522796412
0.09161455996178747
0.0938871266433583
0.0961846193585385
0.09850689120461087
0.10085380579785086
0.10322522473183615
0.10562099656579393
0.10804096884587411
0.11048499868214523
0.11295294125267907
0.11544463967344254
0.11795993603358035
0.12049868113748274
0.12306072394134326
0.12564590221631777
0.12825405270195644
0.13088502009491798
0.13353864732207277
0.13621476692139456
0.1389132104020281
0.14163381654965645
0.1443764224543611
0.14714085554423217
0.14992694222775493
0.15273451557625184
0.1555634070363232
0.15841343905991678
0.16128443309415674
0.16417621669326987
0.16708861585505252
0.17002144819848475
0.17297453035733723
0.17594768456724919
0.1789407315737045
0.18195348431447467
0.18498575476597767
0.18803736004545712
0.1911081158447121
0.1941978305799299
0.19730631173354762
0.20043337150660911
0.20357882073822287
0.2067424634898547
0.20992410292016106
0.2131235465184116
0.21634060047453318
0.2195750646688266
0.2228267381127096
0.2260954237904801
0.2293809234490013
0.23268303296716641
0.23600154739160184
0.23933626541090147
0.24268698453762805
0.24605349683478805
0.24943559357216638
0.25283306935442196
0.2562457176712256
0.2596733269605753
0.26311568490849724
0.26657258224998137
0.27004380866582334
0.27352914916487436
0.27702838804727115
0.2805413123950573
0.2840677082967138
0.28760735753244115
0.29116004121881256
0.2947255430040392
0.2983036456032999
0.3018941277729451
0.3054967676524567
0.30911134567762355
0.3127376414116796
0.31637543079591346
0.3200244892030346
0.3236845940800057
0.3273555220616866
0.3310370464867809
0.3347289401751017
0.3384309778104354
0.3421429333249114
0.34586457767052026
0.34959568133133256
0.3533360164555177
0.3570853545000323
0.3608434642491414
0.3646101140713287
0.36838507380845786
0.37216811267161787
0.3759589974991733
0.37975749476691456
0.38356337224129067
0.38737639711839744
0.39119633451509406
0.39502294923984516
0.39885600721597825
0.402695273856852
0.40654051278452175
0.41039148736771003
0.41424796192012925
0.4181097003058445
0.4219764648808553
0.4258480178036892
0.42972412201296695
0.4336045400578883
0.4374890332589386
0.4413773627957087
0.44526929046706576
0.44916457774255103
0.45306298513921683
0.45696427309044196
0.4608682024912837
0.4647745339673953
0.46868302746577106
0.4725934429075238
0.4765055405202355
0.4804190803217889
0.4843338219235429
0.4882495249692712
0.49216594925558876
0.4960828544288468
0.5
0.5039171455711532
0.5078340507444112
0.5117504750307288
0.5156661780764571
0.5195809196782111
0.5234944594797645
0.5274065570924762
0.5313169725342289
0.5352254660326047
0.5391317975087163
0.543035726909558
0.5469370148607832
0.550835422257449
0.5547307095329342
0.5586226372042913
0.5625109667410614
0.5663954599421117
0.570275877987033
0.5741519821963108
0.5780235351191447
0.5818902996941555
0.5857520380798708
0.58960851263229
0.5934594872154783
0.597304726143148
0.6011439927840218
0.6049770507601548
0.6088036654849059
0.6126236028816026
0.6164366277587093
0.6202425052330854
0.6240410025008267
0.6278318873283821
0.6316149261915421
0.6353898859286713
0.6391565357508586
0.6429146454999677
0.6466639835444823
0.6504043186686674
0.6541354223294797
0.6578570666750886
0.6615690221895646
0.6652710598248983
0.6689629535132191
0.6726444779383134
0.6763154059199943
0.6799755107969654
0.6836245692040865
0.6872623585883204
0.6908886543223764
0.6945032323475433
0.6981058722270549
0.7016963543967001
0.7052744569959608
0.7088399587811874
0.7123926424675588
0.7159322917032862
0.7194586876049427
0.7229716119527289
0.7264708508351256
0.7299561913341767
0.7334274177500186
0.7368843150915028
0.7403266730394247
0.7437542823287744
0.747166930645578
0.7505644064278336
0.753946503165212
0.757313015462372
0.7606637345890985
0.7639984526083982
0.7673169670328336
0.7706190765509987
0.7739045762095199
0.7771732618872904
0.7804249353311734
0.7836593995254668
0.7868764534815884
0.7900758970798389
0.7932575365101453
0.7964211792617771
0.7995666284933909
0.8026936882664524
0.8058021694200701
0.8088918841552879
0.8119626399545429
0.8150142452340223
0.8180465156855253
0.8210592684262955
0.8240523154327508
0.8270254696426628
0.8299785518015153
0.8329113841449475
0.8358237833067301
0.8387155669058433
0.8415865609400832
0.8444365929636768
0.8472654844237482
0.8500730577722451
0.8528591444557678
0.8556235775456389
0.8583661834503435
0.8610867895979719
0.8637852330786054
0.8664613526779272
0.869114979905082
0.8717459472980436
0.8743540977836822
0.8769392760586567
0.8795013188625173
0.8820400639664197
0.8845553603265575
0.8870470587473209
0.8895150013178548
0.8919590311541259
0.8943790034342061
0.8967747752681638
0.8991461942021491
0.9014931087953891
0.9038153806414615
0.9061128733566417
0.9083854400382125
0.9106329347720359
0.9128552257632877
0.9150521833394096
0.9172236662277748
0.9193695341067627
0.9214896619935544
0.9235839271386197
0.9256521939608018
0.9276943277762517
0.9297102106213486
0.9316997268916916
0.9336627467382694
0.9355991411354818
0.9375087993562158
0.9393916131780942
0.9412474585000912
0.9430762119449614
0.9448777702540727
0.9466520328450633
0.9483988813503262
0.9501181979930118
0.9518098872358888
0.9534738564245794
0.9551099928722613
0.9567181843056205
0.9582983431915404
0.9598503851343317
0.9613742030264776
0.9628696899368041
0.9643367666615117
0.9657753574558186
0.9671853606256505
0.9685666743328393
0.969919228089253
0.9712429552831616
0.9725377593806629
0.9738035432641712
0.9750402456369016
0.9762478096366776
0.9774261435138806
0.9785751543192831
0.9796947905564162
0.9807850059357553
0.981845712937653
0.9828768219553724
0.9838782921062479
0.9848500888262188
0.9857921280005898
0.9867043221014153
0.987586641998603
0.9884390665582832
0.9892615138145808
0.990053896310462
0.9908161983486838
0.9915484149130479
0.992250464203105
0.9929222554608932
0.9935637890574817
0.9941750806803806
0.9947560453956975
0.9953065830153368
0.995826714427632
0.9963164847085948
0.9967757999007101
0.9972045378828507
0.9976027482846275
0.9979705246305056
0.9983077524110376
0.9986142571416898
0.9988901341148317
0.9991355779744553
0.9993504291054791
0.9995343609365761
0.9996875506046681
0.9998105156404682
0.9999030290606815
0.999964035642535
0.9999940331622955