0.00009404931781764603
0.0005667977899644905
0.0015278064905619448
0.002984015283954644
0.004917494665160005
0.007322957975997024
0.010206351619615361
0.013567807446653979
0.017399174466927403
0.021694522378596037
0.026452982877530284
0.031671690527561025
0.03734322676259905
0.04346072167210413
0.05002005621785266
0.05701601023819347
0.06444040089794978
0.07228511528502701
0.08054370651638787
0.089208964570332
0.09827156597477027
0.10772208354980028
0.11755216031382432
0.1277528488869657
0.1383136169887038
0.1492237656465889
0.1604733052966263
0.17205176715728032
0.18394746577746757
0.19614853640752483
0.20864359109108177
0.2214208477426749
0.23446758773864596
0.24777092754626784
0.26131830388347854
0.27509683251298056
0.28909292134469344
0.3032928440512175
0.3176830855691928
0.3322498772902813
0.34697894038540766
0.36185590311023397
0.376866526300928
0.39199638156197913
0.4072307091386136
0.42255470500092707
0.43795363782041974
0.45341264921995694
0.46891671759029196
0.4844508308364056
0.5
0.5155491691635944
0.531083282409708
0.5465873507800431
0.5620463621795803
0.5774452949990729
0.5927692908613864
0.6080036184380209
0.623133473699072
0.638144096889766
0.6530210596145923
0.6677501227097187
0.6823169144308072
0.6967071559487825
0.7109070786553066
0.7249031674870194
0.7386816961165215
0.7522290724537322
0.765532412261354
0.7785791522573251
0.7913564089089182
0.8038514635924752
0.8160525342225324
0.8279482328427197
0.8395266947033737
0.8507762343534111
0.8616863830112962
0.8722471511130343
0.8824478396861757
0.8922779164501997
0.9017284340252297
0.910791035429668
0.9194562934836121
0.927714884714973
0.9355595991020502
0.9429839897618065
0.9499799437821473
0.9565392783278959
0.962656773237401
0.968328309472439
0.9735470171224697
0.978305477621404
0.9826008255330726
0.986432192553346
0.9897936483803846
0.992677042024003
0.99508250533484
0.9970159847160454
0.998472193509438
0.9994332022100355
0.9999059506821824