0.000023748373825682734
0.0001431366132793599
0.00038591705809931653
0.0007540246802020256
0.001243193438635215
0.001852432633437484
0.002583689031536607
0.003437531481278233
0.004412506174487074
0.005507802378504123
0.006723992198425677
0.008061229646971535
0.009518578709693637
0.01109532075654085
0.012791537104335893
0.014607112118146803
0.016541231714374494
0.01859317287209228
0.020762737267778553
0.02304960853725413
0.025452974961178487
0.027972064931871987
0.030606478234595613
0.03335573247846024
0.03621897054755996
0.03919535092733306
0.04228430836062991
0.04548521450873522
0.04879714489581066
0.05221917751463656
0.0557506029950432
0.05939066030749074
0.06313834704055776
0.06699265575141766
0.07095274671735918
0.07501773606020434
0.07918653868420289
0.08345806005579959
0.08783134032607243
0.09230538083041195
0.09687901238500918
0.10155105380484275
0.1063204335089234
0.11118604517525221
0.11614663623804611
0.12120094074014642
0.12634778279994885
0.13158595509898963
0.1369141238349173
0.14233094121347178
0.1478351339944992
0.15342540032209895
0.15910032835043109
0.16485849219842952
0.17069852798928342
0.1766190457429353
0.1826185595665435
0.18869556989814606
0.19484862888302512
0.20107626487641062
0.20737692257638884
0.21374903368930942
0.22019107307006358
0.22670149396745298
0.2332786768359454
0.2399209900591185
0.24662683797003926
0.2533946053959045
0.26022261415573344
0.267109175113321
0.2740526289566819
0.2810512989139843
0.28810345415305894
0.2952073541608492
0.3023612829759166
0.30956350918768505
0.31681225561818604
0.3241057368137892
0.33144218727740316
0.3388198280497354
0.34623684218623174
0.353691405980764
0.3611817116240825
0.36870593981424826
0.37626224065100555
0.38384875907751304
0.3914636522913655
0.39910506795213196
0.40677113020781097
0.4144599597306984
0.42216968612137007
0.42989843138194306
0.437644300869636
0.4454053982099695
0.45317983285822805
0.4609657085932817
0.468761119265385
0.4765641587892042
0.4843729239580665
0.4921855077892284
0.5
0.5078144922107716
0.5156270760419335
0.5234358412107958
0.531238880734615
0.5390342914067183
0.546820167141772
0.5545946017900305
0.562355699130364
0.5701015686180569
0.5778303138786299
0.5855400402693016
0.593228869792189
0.600894932047868
0.6085363477086345
0.616151240922487
0.6237377593489944
0.6312940601857517
0.6388182883759175
0.646308594019236
0.6537631578137683
0.6611801719502646
0.6685578127225968
0.6758942631862108
0.683187744381814
0.690436490812315
0.6976387170240834
0.7047926458391508
0.7118965458469411
0.7189487010860157
0.7259473710433181
0.732890824886679
0.7397773858442666
0.7466053946040955
0.7533731620299607
0.7600790099408815
0.7667213231640546
0.773298506032547
0.7798089269299364
0.7862509663106906
0.7926230774236112
0.7989237351235894
0.8051513711169749
0.8113044301018539
0.8173814404334565
0.8233809542570647
0.8293014720107166
0.8351415078015705
0.8408996716495689
0.846574599677901
0.8521648660055008
0.8576690587865282
0.8630858761650827
0.8684140449010104
0.8736522172000512
0.8787990592598536
0.8838533637619539
0.8888139548247478
0.8936795664910766
0.8984489461951572
0.9031209876149908
0.907694619169588
0.9121686596739276
0.9165419399442004
0.9208134613157971
0.9249822639397957
0.9290472532826408
0.9330073442485823
0.9368616529594422
0.9406093396925093
0.9442493970049568
0.9477808224853634
0.9512028551041893
0.9545147854912648
0.9577156916393701
0.9608046490726669
0.96378102945244
0.9666442675215398
0.9693935217654044
0.972027935068128
0.9745470250388215
0.9769503914627459
0.9792372627322214
0.9814068271279077
0.9834587682856255
0.9853928878818532
0.9872084628956641
0.9889046792434592
0.9904814212903064
0.9919387703530285
0.9932760078015743
0.9944921976214959
0.9955874938255129
0.9965624685187218
0.9974163109684634
0.9981475673665625
0.9987568065613648
0.999245975319798
0.9996140829419007
0.9998568633867206
0.9999762516261743