0.000368947503695094
0.002221515104750882
0.005982102732961403
0.011668039270241293
0.019192506787078734
0.02851271438551284
0.03962644235914925
0.05250400106086239
0.06707646735336215
0.08327868561958307
0.10106310100074989
0.1203703684813211
0.14111679659345788
0.16321681576326585
0.1865949504948412
0.21116853487938858
0.23683735783264037
0.2634986342771425
0.29105730890348114
0.31941384709530607
0.34845523053444605
0.37806655813950574
0.4081405302894756
0.4385676536946448
0.46922775849715737
0.5
0.5307722415028426
0.5614323463053552
0.5918594697105244
0.6219334418604943
0.651544769465554
0.6805861529046939
0.7089426910965189
0.7365013657228575
0.7631626421673596
0.7888314651206114
0.8134050495051588
0.8367831842367341
0.8588832034065421
0.8796296315186789
0.8989368989992501
0.9167213143804169
0.9329235326466379
0.9474959989391376
0.9603735576408508
0.9714872856144872
0.9808074932129213
0.9883319607297587
0.9940178972670386
0.9977784848952491
0.9996310524963049