2.3962991912984677e-7
1.4443509621653305e-6
3.8944884916958245e-6
7.610183541340021e-6
0.000012549273257222993
0.000018702925819846783
0.00002609229314232131
0.00003472493224954132
0.00004458822956288078
0.00005567634664938037
0.00006799776099419841
0.00008155703451495633
0.00009634794883317532
0.00011236676468295848
0.00012961818986556572
0.00014810524318853435
0.00016782409625926142
0.00018877212226464657
0.00021095237328139227
0.00023436700333800964
0.0002590133510957937
0.0002848894381959344
0.0003119974249767843
0.000340338929499584
0.000369911954123614
0.00040071493103155387
0.0004327494759177597
0.00046601684782610064
0.0005005154650827848
0.0005362440362434162
0.0005732038145943585
0.0006113958040142586
0.0006508187014797606
0.0006914714102705943
0.0007333549269887829
0.0007764700655671364
0.0008208157187841181
0.0008663909318979979
0.0009131965108122309
0.0009612331227115689
0.0010104998029121237
0.001060995702922729
0.0011127214814952158
0.0011656776889250597
0.0012198634670905761
0.0012752780486025017
0.0013319219750940192
0.0013897957013411233
0.0014488984505089952
0.0015092295180402227
0.0015707893499121717
0.0016335783211249844
0.0016975957177918222
0.0017628408845575816
0.0018293141875407315
0.001897015933851054
0.0019659454588808467
0.0020361021460808537
0.002107486293626115
0.0021800981498986127
0.002253937089148561
0.002329002525546464
0.002405294698505589
0.002482813804870254
0.00256155924964796
0.002641530471334752
0.002722727657785029
0.002805150960038194
0.0028887998074556
0.0029736736577283818
0.0030597726528929226
0.003147096902818225
0.003235645856082714
0.003325418985402173
0.0034164163916352575
0.003508638147273313
0.0036020837159378427
0.0036967525819409097
0.0037926448087600706
0.0038897604346475045
0.003988098934836204
0.0040876598023879
0.004188443066540204
0.004290448733927921
0.004393676288547699
0.004498125229823513
0.00460379555537771
0.004710687242440059
0.004818799781381777
0.004928132675973251
0.00503868589443468
0.005150459386469519
0.005263452646807387
0.005377665181847235
0.005493096932288166
0.00560974782191781
0.005727617348105785
0.005846705018408671
0.005967010747615076
0.006088534434985249
0.006211275579056652
0.006335233687273956
0.006460408649904603
0.006586800342886057
0.006714408264654637
0.006843231921441539
0.006973271180199192
0.0071045258945935386
0.00723699556185875
0.007370679686053094
0.007505578111865585
0.007641690671614576
0.007779016860372079
0.007917556179182217
0.008057308451395073
0.008198273488795538
0.008340450783452469
0.008483839832656548
0.008628440439233609
0.008774252395157278
0.008921275188753852
0.009069508312907093
0.009218951550641119
0.009369604674761334
0.009521467169198439
0.00967453852184974
0.00982881849658157
0.009984306847605984
0.010141003053878883
0.01029890659779642
0.010458017224642235
0.01061833467055151
0.010779858408991094
0.010942587916395574
0.01110652291998293
0.011271663138277543
0.01143800803879702
0.011605557091603602
0.011774310006315791
0.011944266484268162
0.012115425986618078
0.012287787976686504
0.01246135214691435
0.012636118181828526
0.012812085535857998
0.012989253665250722
0.013167622245652266
0.01334719094513126
0.01352795921105654
0.013709926492303959
0.01389309244807313
0.014077456730292592
0.014263018778972403
0.01444977803534675
0.014637734142488368
0.014826886736477585
0.01501723524969667
0.015208779115493565
0.015401517961106781
0.015595451407037442
0.01579057887779589
0.015986899798623222
0.016184413781192397
0.016383120430673692
0.016583019163484702
0.016784109396559166
0.016986390726253187
0.017189862742634787
0.017394524853829196
0.01760037646828072
0.0178074171672582
0.018015646525940565
0.018225063943978603
0.01843566882116221
0.01864746072388579
0.01886043921263736
0.01907460367842817
0.019289953512243052
0.019506488265800703
0.019724207485082412
0.01994311055231024
0.020163196849526832
0.02038446591396026
0.02060691727725794
0.020830550312715856
0.02105536439331024
0.021281359041951164
0.021508533776114502
0.021736887960045692
0.021966420957540977
0.022197132277355203
0.022429021422944118
0.022662087749390047
0.022896330611206106
0.023131749503143784
0.023368343914782708
0.023606113191938727
0.023845056679748122
0.024085173859102915
0.024326464205841614
0.02456892705642022
0.024812561746512474
0.025057367743286818
0.02530334450896876
0.025550491370569528
0.0257988076542226
0.026048292813501073
0.026298946297139247
0.026550767422626187
0.026803755506484617
0.027057909988814632
0.027313230304974345
0.027569715762860714
0.02782736566932209
0.028086179451100923
0.028346156530290045
0.028607296205130694
0.028869597772738453
0.029133060646609255
0.02939768423567546
0.02966346782846485
0.029930410712309286
0.030198512287562984
0.03046777195009831
0.030738188978678527
0.031009762650803907
0.03128249235378866
0.03155637747054163
0.031831417270014595
0.032107611019834836
0.03238495809437292
0.03266345786366731
0.03294310958681623
0.03322391252153678
0.03350586602934902
0.033788969467509755
0.03407322208522723
0.0343586231302746
0.034645171951410925
0.03493286789319794
0.0352217101949206
0.03551169809437904
0.03580283092765768
0.0360951080267059
0.03638852862085695
0.03668309193791197
0.03697879730136444
0.037275644030631994
0.037573631345070524
0.03787275846246008
0.03817302469378414
0.038474429346006644
0.038776971628484036
0.039080650748956725
0.039385466005976255
0.03969141669412868
0.03999850201275246
0.04030672115953249
0.0406160734206642
0.04092655807842971
0.04123817432213417
0.04155092133939331
0.04186479840412116
0.042179804786367514
0.042495939665391225
0.04281320221872864
0.04313159170808478
0.04345110739134672
0.04377174843771736
0.04409351401464612
0.0444164033716985
0.04474041575466836
0.04506555032269466
0.045391806233134435
0.045719182723482965
0.04604767902750728
0.04637729429427784
0.04670802767105564
0.04703987838333368
0.04737284565291766
0.04770692861880632
0.04804212641816452
0.048378438264547796
0.04871586336786593
0.049054400857045266
0.04939404985915474
0.0497348095758785
0.050076679205292685
0.0504196578662528
0.05076374467573552
0.051108938823616334
0.05145523949620068
0.05180264580227667
0.05215115684873317
0.05250077181369983
0.05285148987177268
0.05320331012167756
0.05355623166022205
0.05391025365385205
0.05426537526551456
0.0546215955838798
0.05497891369568286
0.05533732875574615
0.05569683991542773
0.05605744625335074
0.05641914684618754
0.05678194083719745
0.05714582736620799
0.057510805501806095
0.057876874310612614
0.05824403292438296
0.0586122804714726
0.058981616010443716
0.059352038597878964
0.05972354735408825
0.06009614139601316
0.060469819772204
0.060844581529219566
0.061220425775982634
0.061597351618077445
0.06197535809405785
0.06235444424047398
0.06273460915491902
0.06311585193167701
0.06349817159932081
0.0638815671844094
0.06426603777326334
0.06465158244892222
0.06503820022999585
0.06542589013306976
0.0658146512332487
0.06620448260238421
0.06659538324914072
0.06698735218015073
0.06738038845935868
0.06777449114748357
0.06816965924326468
0.06856589174340177
0.06896318770073495
0.06936154616490575
0.06976096612474958
0.07016144656705481
0.07056298653361326
0.07096558506304351
0.07136924113429899
0.07177395372427997
0.07217972186378485
0.07258654458046432
0.07299442084341301
0.07340334961966688
0.07381332992908562
0.07422436078840677
0.07463644115689028
0.07504956999173262
0.0754637463019101
0.07587896909330083
0.07629523731535548
0.07671254991545706
0.07713090589175287
0.07755030423931575
0.07797074389781344
0.07839222380484223
0.07881474294777491
0.07923830031093337
0.07966289482422928
0.08008852541549993
0.08051519106139804
0.08094289073554828
0.0813716233581343
0.08180138784726365
0.08223218316892278
0.08266400828609277
0.08309686210925882
0.08353074354682755
0.08396565155417368
0.08440158508368878
0.08483854303618865
0.08527652431041033
0.08571552785117031
0.08615555260032437
0.0865965974490499
0.08703866128644533
0.08748174304682299
0.0879258416615567
0.088370956012217
0.08881708497829566
0.08926422748365492
0.08971238244924018
0.09016154874704785
0.09061172524699534
0.09106291086254936
0.09151510450428024
0.09196830503464337
0.09242251131401558
0.09287772224552193
0.0933339367294117
0.09379115361863266
0.09424937176405601
0.09470859005851873
0.09516880739200273
0.09563002260798348
0.09609223454786098
0.0965554420942385
0.09701964412688469
0.09748483947983733
0.09795102698506186
0.09841820551498126
0.09888637393920507
0.09935553108236994
0.09982567576704238
0.10029680685552012
0.10076892320730724
0.10124202363767576
0.10171610695983091
0.10219117202599937
0.10266721768563325
0.10314424274467826
0.10362224600701564
0.10410122631485541
0.10458118250765258
0.10506211338206373
0.1055440177326854
0.10602689439176494
0.10651074218881451
0.10699555991124066
0.10748134634439399
0.10796810031061432
0.10845582062952508
0.10894450607932227
0.1094341554361502
0.10992476751249569
0.11041634111814846
0.11090887502213376
0.11140236799143022
0.11189681882872637
0.11239222633403256
0.11288858926724432
0.11338590638621548
0.11388417648389149
0.114383398350558
0.11488357073702227
0.11538469239205462
0.11588676209891235
0.1163897786382122
0.11689374075171399
0.1173986471791475
0.11790449669413716
0.1184112880676853
0.11891902003254762
0.11942769131945541
0.1199373006924559
0.12044784691299237
0.12095932870485915
0.12147174478983291
0.1219850939224385
0.12249937485461637
0.12301458630124307
0.12353072697518375
0.12404779562149759
0.12456579098267717
0.12508471176472546
0.12560455667164083
0.12612532443907254
0.12664701380012122
0.12716962345196103
0.1276931520897684
0.1282175984398386
0.12874296122593665
0.12926923913645294
0.12979643085778747
0.13032453510693798
0.1308535505983901
0.13138347601179579
0.131914310024825
0.13244605134523457
0.1329786986782866
0.13351225069494166
0.13404670606418545
0.13458206348459067
0.1351183216522529
0.13565547922948795
0.13619353487664432
0.13673248728316711
0.13727233513604298
0.13781307708898916
0.13835471179376513
0.13889723793074582
0.139440654177865
0.1399849591802904
0.14053015158123938
0.14107623005207426
0.14162319326173356
0.14217103984688295
0.14271976844224699
0.14326937771023251
0.14381986631084032
0.14437123287228304
0.14492347602084088
0.14547659441002303
0.1460305866909506
0.14658545148343172
0.14714118740535231
0.14769779310138142
0.14825526721381854
0.1488136083541174
0.14937281513181855
0.14993288618280998
0.15049382014062707
0.1510556156084193
0.15161827118743276
0.1521817855048322
0.15274615718544737
0.15331138482417417
0.15387746701401472
0.15444440237346924
0.15501218951872087
0.15558082703646248
0.15615031351150366
0.15672064755373882
0.1572918277707629
0.15786385274111792
0.15843672104147188
0.15901043127317305
0.15958498203528726
0.16016037189825683
0.16073659943066088
0.16131366322536045
0.1618915618729515
0.16247029393582946
0.16304985797453664
0.16363025257350627
0.1642114763149246
0.164793527753192
0.1653764054408675
0.16596010795401628
0.1665446338664739
0.16712998172469984
0.1677161500733222
0.1683031374800985
0.16889094251057402
0.16947956370332018
0.17006899959508848
0.17065924874538874
0.17125030971153588
0.1718421810242674
0.1724348612125125
0.17302834882759355
0.17362264241865566
0.17421774050865702
0.17481364161875845
0.17541034429215596
0.1760078470698856
0.1766061484671806
0.17720524699748852
0.17780514119594004
0.17840582959552276
0.1790073107038005
0.17960958302656294
0.18021264509093604
0.18081649542192035
0.18142113251946568
0.18202655488175967
0.18263276102798476
0.18323974947521637
0.18384751871584581
0.18445606724051444
0.18506539356052354
0.18567549618508405
0.18628637359908584
0.18689802428568014
0.18751044674834882
0.18812363948850064
0.18873760098358017
0.1893523297093057
0.18996782416140157
0.19058408283353634
0.1912011041957663
0.1918188867164342
0.19243742888356896
0.19305672918316152
0.19367678607793726
0.19429759802892066
0.19491916351650784
0.19554148101907476
0.19616454899207336
0.19678836588926818
0.19741293018348527
0.19803824034554784
0.1986642948236934
0.1992910920644838
0.19991863053323855
0.2005469086932914
0.20117592498572323
0.20180567784995251
0.2024361657438548
0.20306738712333794
0.20369934042238502
0.20433202407332984
0.20496543652666788
0.20559957623094416
0.20623444161310323
0.20687003109845348
0.20750634313017402
0.20814337614951095
0.2087811285764296
0.20941959882927275
0.21005878534396671
0.21069868655452262
0.21133930087398667
0.2119806267137958
0.2126226625026878
0.21326540666750304
0.21390885761442857
0.2145530137480558
0.21519787348999853
0.2158434352599906
0.21648969745742042
0.21713665848009445
0.21778431674256704
0.21843267065753014
0.2190817186176346
0.21973145901396252
0.22038189025407373
0.22103301074368353
0.22168481886876534
0.22233731301373916
0.22299049157923512
0.22364435296405605
0.22429889554756077
0.2249541177075678
0.22561001783784262
0.22626659433034213
0.22692384555787104
0.22758176989170864
0.2282403657188219
0.22889963142438619
0.229559565374715
0.23022016593461025
0.23088143148430584
0.23154336040226187
0.2322059510483625
0.23286920178099524
0.23353311097372642
0.23419767699836702
0.23486289820843476
0.23552877295596486
0.23619529960792307
0.23686247652953663
0.23753030206801995
0.23819877456911942
0.2388678923932661
0.23953765389917037
0.2402080574278065
0.24087910131869483
0.24155078392579876
0.24222310360137833
0.242896058680231
0.24356964749571552
0.24424386839539336
0.24491871972514168
0.24559419981364483
0.24627030698816343
0.24694703958992492
0.24762439595848962
0.2483023744164936
0.24898097328516333
0.24966019089945912
0.2503400255926925
0.25102047568151464
0.251701539481183
0.25238321532045815
0.2530655015264698
0.2537483964099494
0.2544318982802499
0.2551160054599999
0.2558007162702147
0.2564860290157711
0.2571719420001827
0.25785845354001347
0.2585455619502327
0.25923326552992765
0.2599215625768375
0.26061045140153016
0.2612999303129966
0.26198999760460007
0.26268065156837084
0.26337189050894905
0.26406371272941564
0.26475611651747544
0.2654491001595157
0.26614266195431724
0.2668368001991195
0.26753151317603474
0.26822679916587355
0.2689226564616256
0.2696190833547576
0.27031607812185554
0.27101363903821984
0.27171176439111766
0.272410452466312
0.273109701534929
0.27380950986682506
0.27450987574361463
0.2752107974454252
0.2759122732379905
0.2766143013857896
0.2773168801648528
0.27802000784974223
0.27872368270086545
0.2794279029773915
0.2801326669498363
0.28083797288726564
0.28154381904482817
0.2822502036764504
0.28295712504720316
0.2836645814207256
0.284372571046975
0.2850810921747028
0.28579014306360473
0.2864997219719627
0.28720982714461074
0.28792045682519274
0.28863160926809917
0.2893432827263249
0.2900554754396485
0.2907681856466744
0.2914814115965578
0.292195151537077
0.29290940370302276
0.2936241663280287
0.29433943765608506
0.29505521592982353
0.29577149937911584
0.29648828623269297
0.29720557472945075
0.297923363106945
0.2986416495901968
0.29936043240310306
0.30007970977953613
0.30079947995204614
0.3015197411408729
0.3022404915651481
0.30296172945379096
0.30368345303441746
0.30440566052255447
0.30512835013263795
0.3058515200887051
0.3065751686135083
0.3072992939179312
0.3080238942117831
0.3087489677142904
0.3094745126434131
0.3102005272054611
0.3109270096056863
0.311653958058576
0.31238137077736905
0.313109245963871
0.3138375818188466
0.31456637655211495
0.31529562837226555
0.3160253354766698
0.3167554960616745
0.3174861083325029
0.31821717049316633
0.31894868073667193
0.3196806372550196
0.32041303824890766
0.32114588191784144
0.32187916645053416
0.32261289003470894
0.323347050866611
0.32408164714131205
0.32481667704330175
0.32555213875609645
0.3262880304715613
0.3270243503804058
0.3277610966629667
0.3284982674986249
0.32923586107493696
0.3299738755783229
0.33071230918503747
0.33145116007039654
0.332190426417721
0.3329301064092135
0.33367019821711785
0.3344107000127562
0.33515160997528604
0.33589292628276535
0.3366346471034981
0.33737677060488414
0.33811929496199
0.3388622183488019
0.3396055389297554
0.3403492548683993
0.3410933643357822
0.3418378655018912
0.34258275652736503
0.3433280355719729
0.34407370080281874
0.3448197503859636
0.3455661824783207
0.34631299523595194
0.3470601868220894
0.3478077553989408
0.34855569911976647
0.34930401613699236
0.3500527046100521
0.3508017626973736
0.3515511885486362
0.35230098031270196
0.3530511361452793
0.35380165420109
0.35455253262630415
0.3553037695662925
0.3560553631731119
0.3568073115978513
0.3575596129832439
0.35831226547124173
0.3590652672103236
0.3598186163480188
0.3605723110236969
0.36132634937596353
0.36208072954979287
0.362835449689229
0.36359050793034986
0.3643459024084875
0.3651016312651857
0.3658576926410768
0.36661408466902023
0.3673708054811473
0.36812785321564534
0.3688852260098088
0.36964292199335147
0.3704009392952773
0.3711592760504908
0.3719179303930231
0.3726769004495155
0.3734361843459173
0.37419578021392463
0.37495568618437947
0.37571590038092395
0.3764764209265258
0.3772372459497476
0.377998373578316
0.3787598019329472
0.3795215291337015
0.38028355330608166
0.38104587257477374
0.38180848505764176
0.38257138887191156
0.38333458214010097
0.38409806298393
0.384861829518484
0.38562587985822827
0.38639021212277014
0.3871548244309382
0.3879197148951129
0.38868488162707293
0.3894503227435897
0.39021603636067526
0.39098202058807896
0.3917482735349668
0.3925147933153492
0.3932815780424963
0.39404862582360045
0.3948159347652891
0.39558350297888667
0.396351328574996
0.3971194096583268
0.3978877443330421
0.3986563307078551
0.3994251668907768
0.4001942509841083
0.40096358108962227
0.40173315531349607
0.40250297176122374
0.40327302853277225
0.40404332372759844
0.40481385544941895
0.4055846218012856
0.40635562088090627
0.40712685078549615
0.4078983096163864
0.4086699954742623
0.4094419064546465
0.4102140406525877
0.41098639616710664
0.41175897109659765
0.41253176353447263
0.4133047715736885
0.4140779933110311
0.41485142684267884
0.41562507026000817
0.41639892165395886
0.4171729791191572
0.4179472407496413
0.41872170463482683
0.41949636886371144
0.4202712315288374
0.42104629072217814
0.4218215445312635
0.4225969910432239
0.42337262834859335
0.42414845453735595
0.42492446769523107
0.42570066590755684
0.42647704726293467
0.42725360984943517
0.428030351751042
0.4288072710513765
0.4295843658371832
0.43036163419469464
0.43113907420623454
0.43191668395378224
0.4326944615223013
0.4334724049962623
0.4342505124564038
0.4350287819831389
0.4358072116597257
0.43658579956894883
0.4373645437900371
0.4381434424019126
0.4389224934862044
0.4397016951240863
0.4404810453933534
0.44126054237151235
0.4420401841386383
0.44281996877437124
0.44359989435514735
0.44437995895713356
0.4451601606589274
0.4459404975387107
0.4467209676716364
0.4475015691326073
0.44828229999881963
0.44906315834707256
0.449844142251312
0.4506252497852521
0.4514064790247636
0.45218782804533963
0.4529692949197943
0.453750877720729
0.4545325745227653
0.45531438340016606
0.45609630242468957
0.45687832966790054
0.45766046320324705
0.4584427011038381
0.4592250414404522
0.4600074822836925
0.46079002170591044
0.46157265777913725
0.4623553885732471
0.46313821215795814
0.46392112660460116
0.4647041299842054
0.46548722036581724
0.4662703958183455
0.4670536544121764
0.467836994217414
0.4686204133023524
0.4694039097351671
0.47018748158537604
0.4709711269222344
0.47175484381335986
0.4725386303262713
0.4733224845296944
0.47410640449211106
0.4748903882805394
0.4756744339619172
0.4764585396042543
0.47724270327533613
0.47802692304165717
0.47881119696964947
0.4795955231266842
0.48037989957992644
0.48116432439542245
0.48194879563917636
0.48273331137799547
0.4835178696785014
0.4843024686063685
0.4850871062272486
0.48587178060746194
0.486656489813163
0.48744123190973043
0.48822600496253976
0.48901080703750077
0.4897956362003767
0.4905804905163269
0.49136536805052733
0.4921502668685537
0.492935185035853
0.4937201206174434
0.49450507167837565
0.4952900362839685
0.4960750124994303
0.49685999838971284
0.49764499201981816
0.49842999145488487
0.49921499475995845
0.5
0.5007850052400415
0.5015700085451151
0.5023550079801818
0.5031400016102872
0.5039249875005697
0.5047099637160315
0.5054949283216243
0.5062798793825566
0.507064814964147
0.5078497331314463
0.5086346319494727
0.5094195094836731
0.5102043637996233
0.5109891929624992
0.5117739950374602
0.5125587680902696
0.513343510186837
0.514128219392538
0.5149128937727514
0.5156975313936315
0.5164821303214986
0.5172666886220045
0.5180512043608236
0.5188356756045776
0.5196201004200736
0.5204044768733158
0.5211888030303505
0.5219730769583428
0.5227572967246639
0.5235414603957457
0.5243255660380828
0.5251096117194606
0.525893595507889
0.5266775154703056
0.5274613696737287
0.5282451561866401
0.5290288730777656
0.529812518414624
0.5305960902648329
0.5313795866976476
0.532163005782586
0.5329463455878236
0.5337296041816545
0.5345127796341828
0.5352958700157946
0.5360788733953988
0.5368617878420419
0.5376446114267529
0.5384273422208627
0.5392099782940896
0.5399925177163075
0.5407749585595478
0.5415572988961619
0.542339536796753
0.5431216703320995
0.5439036975753104
0.5446856165998339
0.5454674254772347
0.546249122279271
0.5470307050802057
0.5478121719546604
0.5485935209752364
0.5493747502147479
0.550155857748688
0.5509368416529274
0.5517177000011804
0.5524984308673927
0.5532790323283636
0.5540595024612893
0.5548398393410726
0.5556200410428664
0.5564001056448526
0.5571800312256288
0.5579598158613617
0.5587394576284876
0.5595189546066466
0.5602983048759137
0.5610775065137956
0.5618565575980874
0.5626354562099629
0.5634142004310512
0.5641927883402743
0.5649712180168611
0.5657494875435962
0.5665275950037377
0.5673055384776987
0.5680833160462178
0.5688609257937655
0.5696383658053054
0.5704156341628168
0.5711927289486235
0.571969648248958
0.5727463901505648
0.5735229527370653
0.5742993340924432
0.5750755323047689
0.575851545462644
0.5766273716514067
0.5774030089567761
0.5781784554687365
0.5789537092778219
0.5797287684711626
0.5805036311362886
0.5812782953651732
0.5820527592503587
0.5828270208808428
0.5836010783460411
0.5843749297399918
0.5851485731573212
0.5859220066889689
0.5866952284263115
0.5874682364655274
0.5882410289034024
0.5890136038328934
0.5897859593474123
0.5905580935453535
0.5913300045257377
0.5921016903836136
0.5928731492145038
0.5936443791190937
0.5944153781987144
0.595186144550581
0.5959566762724016
0.5967269714672278
0.5974970282387763
0.5982668446865039
0.5990364189103777
0.5998057490158917
0.6005748331092232
0.6013436692921449
0.6021122556669579
0.6028805903416732
0.603648671425004
0.6044164970211133
0.6051840652347109
0.6059513741763995
0.6067184219575037
0.6074852066846508
0.6082517264650332
0.609017979411921
0.6097839636393247
0.6105496772564103
0.6113151183729271
0.6120802851048871
0.6128451755690618
0.6136097878772299
0.6143741201417717
0.615138170481516
0.61590193701607
0.616665417859899
0.6174286111280884
0.6181915149423582
0.6189541274252263
0.6197164466939183
0.6204784708662985
0.6212401980670528
0.622001626421684
0.6227627540502524
0.6235235790734742
0.624284099619076
0.6250443138156205
0.6258042197860754
0.6265638156540827
0.6273230995504845
0.6280820696069769
0.6288407239495092
0.6295990607047227
0.6303570780066485
0.6311147739901912
0.6318721467843547
0.6326291945188527
0.6333859153309798
0.6341423073589232
0.6348983687348143
0.6356540975915125
0.6364094920696501
0.637164550310771
0.6379192704502071
0.6386736506240365
0.6394276889763031
0.6401813836519812
0.6409347327896764
0.6416877345287583
0.6424403870167561
0.6431926884021487
0.6439446368268881
0.6446962304337075
0.6454474673736958
0.64619834579891
0.6469488638547207
0.647699019687298
0.6484488114513638
0.6491982373026264
0.6499472953899479
0.6506959838630076
0.6514443008802335
0.6521922446010592
0.6529398131779106
0.6536870047640481
0.6544338175216793
0.6551802496140364
0.6559262991971813
0.6566719644280271
0.657417243472635
0.6581621344981088
0.6589066356642178
0.6596507451316007
0.6603944610702446
0.6611377816511981
0.66188070503801
0.6626232293951159
0.6633653528965019
0.6641070737172347
0.664848390024714
0.6655892999872438
0.6663298017828821
0.6670698935907865
0.667809573582279
0.6685488399296035
0.6692876908149625
0.6700261244216771
0.670764138925063
0.6715017325013751
0.6722389033370333
0.6729756496195942
0.6737119695284387
0.6744478612439035
0.6751833229566983
0.675918352858688
0.676652949133389
0.6773871099652911
0.6781208335494658
0.6788541180821586
0.6795869617510923
0.6803193627449804
0.6810513192633281
0.6817828295068337
0.6825138916674971
0.6832445039383255
0.6839746645233302
0.6847043716277345
0.685433623447885
0.6861624181811534
0.686890754036129
0.687618629222631
0.688346041941424
0.6890729903943137
0.6897994727945389
0.6905254873565869
0.6912510322857096
0.6919761057882169
0.6927007060820688
0.6934248313864917
0.6941484799112949
0.694871649867362
0.6955943394774455
0.6963165469655825
0.697038270546209
0.6977595084348519
0.6984802588591271
0.6992005200479539
0.6999202902204639
0.7006395675968969
0.7013583504098032
0.702076636893055
0.7027944252705493
0.703511713767307
0.7042285006208842
0.7049447840701765
0.7056605623439149
0.7063758336719713
0.7070905962969772
0.707804848462923
0.7085185884034422
0.7092318143533256
0.7099445245603515
0.7106567172736751
0.7113683907319008
0.7120795431748073
0.7127901728553893
0.7135002780280373
0.7142098569363953
0.7149189078252972
0.715627428953025
0.7163354185792744
0.7170428749527968
0.7177497963235496
0.7184561809551718
0.7191620271127344
0.7198673330501637
0.7205720970226085
0.7212763172991346
0.7219799921502578
0.7226831198351472
0.7233856986142104
0.7240877267620095
0.7247892025545748
0.7254901242563854
0.7261904901331749
0.726890298465071
0.727589547533688
0.7282882356088823
0.7289863609617802
0.7296839218781445
0.7303809166452424
0.7310773435383744
0.7317732008341264
0.7324684868239653
0.7331631998008805
0.7338573380456828
0.7345508998404843
0.7352438834825246
0.7359362872705844
0.736628109491051
0.7373193484316292
0.7380100023953999
0.7387000696870034
0.7393895485984698
0.7400784374231625
0.7407667344700724
0.7414544380497673
0.7421415464599865
0.7428280579998173
0.7435139709842289
0.7441992837297853
0.7448839945400001
0.7455681017197501
0.7462516035900506
0.7469344984735302
0.7476167846795418
0.748298460518817
0.7489795243184854
0.7496599744073075
0.7503398091005409
0.7510190267148367
0.7516976255835064
0.7523756040415104
0.7530529604100751
0.7537296930118366
0.7544058001863552
0.7550812802748583
0.7557561316046066
0.7564303525042845
0.757103941319769
0.7577768963986217
0.7584492160742012
0.7591208986813052
0.7597919425721935
0.7604623461008296
0.7611321076067339
0.7618012254308806
0.76246969793198
0.7631375234704634
0.7638047003920769
0.7644712270440351
0.7651371017915652
0.765802323001633
0.7664668890262736
0.7671307982190048
0.7677940489516375
0.7684566395977381
0.7691185685156942
0.7697798340653897
0.770440434625285
0.7711003685756138
0.7717596342811781
0.7724182301082914
0.773076154442129
0.7737334056696579
0.7743899821621574
0.7750458822924322
0.7757011044524392
0.776355647035944
0.7770095084207649
0.7776626869862608
0.7783151811312347
0.7789669892563165
0.7796181097459263
0.7802685409860375
0.7809182813823654
0.7815673293424699
0.782215683257433
0.7828633415199056
0.7835103025425796
0.7841565647400094
0.7848021265100015
0.7854469862519442
0.7860911423855714
0.786734593332497
0.7873773374973122
0.7880193732862042
0.7886606991260133
0.7893013134454774
0.7899412146560333
0.7905804011707273
0.7912188714235704
0.791856623850489
0.792493656869826
0.7931299689015465
0.7937655583868968
0.7944004237690558
0.7950345634733321
0.7956679759266702
0.796300659577615
0.7969326128766621
0.7975638342561452
0.7981943221500475
0.7988240750142768
0.7994530913067086
0.8000813694667614
0.8007089079355162
0.8013357051763066
0.8019617596544522
0.8025870698165147
0.8032116341107318
0.8038354510079266
0.8044585189809252
0.8050808364834922
0.8057024019710793
0.8063232139220627
0.8069432708168385
0.807562571116431
0.8081811132835658
0.8087988958042337
0.8094159171664637
0.8100321758385984
0.8106476702906943
0.8112623990164198
0.8118763605114994
0.8124895532516512
0.8131019757143199
0.8137136264009142
0.814324503814916
0.8149346064394765
0.8155439327594856
0.8161524812841542
0.8167602505247836
0.8173672389720152
0.8179734451182403
0.8185788674805343
0.8191835045780796
0.819787354909064
0.8203904169734371
0.8209926892961995
0.8215941704044772
0.82219485880406
0.8227947530025115
0.8233938515328194
0.8239921529301144
0.824589655707844
0.8251863583812415
0.825782259491343
0.8263773575813443
0.8269716511724065
0.8275651387874875
0.8281578189757326
0.8287496902884641
0.8293407512546113
0.8299310004049115
0.8305204362966798
0.831109057489426
0.8316968625199015
0.8322838499266778
0.8328700182753002
0.8334553661335261
0.8340398920459837
0.8346235945591325
0.835206472246808
0.8357885236850754
0.8363697474264937
0.8369501420254634
0.8375297060641705
0.8381084381270485
0.8386863367746396
0.8392634005693391
0.8398396281017432
0.8404150179647127
0.840989568726827
0.8415632789585281
0.8421361472588821
0.8427081722292371
0.8432793524462612
0.8438496864884963
0.8444191729635375
0.8449878104812791
0.8455555976265308
0.8461225329859853
0.8466886151758258
0.8472538428145526
0.8478182144951678
0.8483817288125672
0.8489443843915807
0.8495061798593729
0.85006711381719
0.8506271848681815
0.8511863916458826
0.8517447327861815
0.8523022068986186
0.8528588125946477
0.8534145485165683
0.8539694133090494
0.854523405589977
0.8550765239791591
0.855628767127717
0.8561801336891597
0.8567306222897675
0.857280231557753
0.857828960153117
0.8583768067382664
0.8589237699479257
0.8594698484187606
0.8600150408197096
0.860559345822135
0.8611027620692542
0.8616452882062349
0.8621869229110108
0.862727664863957
0.8632675127168329
0.8638064651233557
0.864344520770512
0.8648816783477471
0.8654179365154093
0.8659532939358145
0.8664877493050583
0.8670213013217134
0.8675539486547654
0.868085689975175
0.8686165239882042
0.8691464494016099
0.869675464893062
0.8702035691422125
0.8707307608635471
0.8712570387740634
0.8717824015601614
0.8723068479102316
0.872830376548039
0.8733529861998788
0.8738746755609275
0.8743954433283592
0.8749152882352745
0.8754342090173228
0.8759522043785024
0.8764692730248163
0.8769854136987569
0.8775006251453836
0.8780149060775615
0.8785282552101671
0.8790406712951409
0.8795521530870076
0.8800626993075441
0.8805723086805446
0.8810809799674524
0.8815887119323147
0.8820955033058628
0.8826013528208525
0.883106259248286
0.8836102213617878
0.8841132379010876
0.8846153076079454
0.8851164292629777
0.885616601649442
0.8861158235161085
0.8866140936137845
0.8871114107327557
0.8876077736659674
0.8881031811712736
0.8885976320085698
0.8890911249778662
0.8895836588818515
0.8900752324875043
0.8905658445638498
0.8910554939206777
0.8915441793704749
0.8920318996893857
0.892518653655606
0.8930044400887593
0.8934892578111855
0.8939731056082351
0.8944559822673146
0.8949378866179363
0.8954188174923474
0.8958987736851446
0.8963777539929844
0.8968557572553217
0.8973327823143668
0.8978088279740006
0.8982838930401691
0.8987579763623242
0.8992310767926928
0.8997031931444799
0.9001743242329576
0.9006444689176301
0.9011136260607949
0.9015817944850187
0.9020489730149381
0.9025151605201627
0.9029803558731153
0.9034445579057615
0.903907765452139
0.9043699773920165
0.9048311926079973
0.9052914099414813
0.905750628235944
0.9062088463813673
0.9066660632705883
0.9071222777544781
0.9075774886859844
0.9080316949653566
0.9084848954957198
0.9089370891374506
0.9093882747530047
0.9098384512529522
0.9102876175507598
0.9107357725163451
0.9111829150217043
0.911629043987783
0.9120741583384433
0.912518256953177
0.9129613387135547
0.9134034025509501
0.9138444473996756
0.9142844721488297
0.9147234756895897
0.9151614569638113
0.9155984149163112
0.9160343484458263
0.9164692564531725
0.9169031378907412
0.9173359917139072
0.9177678168310772
0.9181986121527363
0.9186283766418657
0.9190571092644517
0.919484808938602
0.9199114745845001
0.9203371051757707
0.9207616996890666
0.9211852570522251
0.9216077761951578
0.9220292561021866
0.9224496957606843
0.9228690941082471
0.9232874500845429
0.9237047626846445
0.9241210309066992
0.9245362536980899
0.9249504300082674
0.9253635588431097
0.9257756392115932
0.9261866700709144
0.9265966503803331
0.927005579156587
0.9274134554195357
0.9278202781362151
0.92822604627572
0.928630758865701
0.9290344149369565
0.9294370134663867
0.9298385534329452
0.9302390338752504
0.9306384538350942
0.931036812299265
0.9314341082565982
0.9318303407567353
0.9322255088525164
0.9326196115406413
0.9330126478198493
0.9334046167508593
0.9337955173976158
0.9341853487667513
0.9345741098669302
0.9349617997700042
0.9353484175510778
0.9357339622267367
0.9361184328155906
0.9365018284006792
0.936884148068323
0.937265390845081
0.937645555759526
0.9380246419059421
0.9384026483819226
0.9387795742240174
0.9391554184707804
0.939530180227796
0.9399038586039868
0.9402764526459118
0.940647961402121
0.9410183839895563
0.9413877195285274
0.941755967075617
0.9421231256893874
0.9424891944981939
0.942854172633792
0.9432180591628025
0.9435808531538125
0.9439425537466493
0.9443031600845723
0.9446626712442538
0.9450210863043171
0.9453784044161202
0.9457346247344854
0.946089746346148
0.946443768339778
0.9467966898783224
0.9471485101282273
0.9474992281863002
0.9478488431512668
0.9481973541977233
0.9485447605037993
0.9488910611763837
0.9492362553242645
0.9495803421337472
0.9499233207947073
0.9502651904241215
0.9506059501408453
0.9509455991429547
0.9512841366321341
0.9516215617354522
0.9519578735818355
0.9522930713811937
0.9526271543470823
0.9529601216166663
0.9532919723289444
0.9536227057057222
0.9539523209724927
0.954280817276517
0.9546081937668656
0.9549344496773053
0.9552595842453316
0.9555835966283015
0.9559064859853539
0.9562282515622826
0.9565488926086533
0.9568684082919152
0.9571867977812714
0.9575040603346088
0.9578201952136325
0.9581352015958788
0.9584490786606067
0.9587618256778658
0.9590734419215703
0.9593839265793358
0.9596932788404675
0.9600014979872475
0.9603085833058713
0.9606145339940237
0.9609193492510433
0.961223028371516
0.9615255706539934
0.9618269753062159
0.9621272415375399
0.9624263686549295
0.962724355969368
0.9630212026986356
0.963316908062088
0.963611471379143
0.9639048919732941
0.9641971690723423
0.964488301905621
0.9647782898050794
0.9650671321068021
0.9653548280485891
0.9656413768697254
0.9659267779147728
0.9662110305324902
0.966494133970651
0.9667760874784632
0.9670568904131838
0.9673365421363327
0.9676150419056271
0.9678923889801652
0.9681685827299854
0.9684436225294584
0.9687175076462113
0.9689902373491961
0.9692618110213215
0.9695322280499017
0.969801487712437
0.9700695892876907
0.9703365321715351
0.9706023157643245
0.9708669393533907
0.9711304022272615
0.9713927037948693
0.97165384346971
0.9719138205488991
0.9721726343306779
0.9724302842371393
0.9726867696950257
0.9729420900111854
0.9731962444935154
0.9734492325773738
0.9737010537028608
0.9739517071864989
0.9742011923457774
0.9744495086294305
0.9746966554910312
0.9749426322567132
0.9751874382534875
0.9754310729435798
0.9756735357941584
0.9759148261408971
0.9761549433202519
0.9763938868080613
0.9766316560852173
0.9768682504968562
0.9771036693887939
0.97733791225061
0.9775709785770559
0.9778028677226448
0.978033579042459
0.9782631120399543
0.9784914662238855
0.9787186409580488
0.9789446356066898
0.9791694496872841
0.9793930827227421
0.9796155340860397
0.9798368031504732
0.9800568894476898
0.9802757925149176
0.9804935117341993
0.980710046487757
0.9809253963215718
0.9811395607873626
0.9813525392761142
0.9815643311788378
0.9817749360560214
0.9819843534740594
0.9821925828327418
0.9823996235317193
0.9826054751461708
0.9828101372573652
0.9830136092737468
0.9832158906034408
0.9834169808365153
0.9836168795693263
0.9838155862188076
0.9840131002013768
0.9842094211222041
0.9844045485929626
0.9845984820388932
0.9847912208845064
0.9849827647503033
0.9851731132635224
0.9853622658575116
0.9855502219646533
0.9857369812210276
0.9859225432697074
0.9861069075519269
0.986290073507696
0.9864720407889435
0.9866528090548687
0.9868323777543477
0.9870107463347493
0.987187914464142
0.9873638818181715
0.9875386478530856
0.9877122120233135
0.9878845740133819
0.9880557335157318
0.9882256899936842
0.9883944429083964
0.988561991961203
0.9887283368617225
0.9888934770800171
0.9890574120836044
0.9892201415910089
0.9893816653294485
0.9895419827753578
0.9897010934022036
0.9898589969461211
0.990015693152394
0.9901711815034184
0.9903254614781503
0.9904785328308016
0.9906303953252387
0.9907810484493589
0.9909304916870929
0.9910787248112461
0.9912257476048427
0.9913715595607664
0.9915161601673435
0.9916595492165475
0.9918017265112045
0.9919426915486049
0.9920824438208178
0.9922209831396279
0.9923583093283854
0.9924944218881344
0.9926293203139469
0.9927630044381412
0.9928954741054065
0.9930267288198008
0.9931567680785585
0.9932855917353454
0.9934131996571139
0.9935395913500954
0.993664766312726
0.9937887244209433
0.9939114655650148
0.9940329892523849
0.9941532949815913
0.9942723826518942
0.9943902521780822
0.9945069030677118
0.9946223348181528
0.9947365473531926
0.9948495406135305
0.9949613141055653
0.9950718673240267
0.9951812002186182
0.9952893127575599
0.9953962044446223
0.9955018747701765
0.9956063237114523
0.9957095512660721
0.9958115569334598
0.9959123401976121
0.9960119010651638
0.9961102395653525
0.9962073551912399
0.9963032474180591
0.9963979162840622
0.9964913618527267
0.9965835836083647
0.9966745810145978
0.9967643541439173
0.9968529030971818
0.9969402273471071
0.9970263263422716
0.9971112001925444
0.9971948490399618
0.997277272342215
0.9973584695286652
0.997438440750352
0.9975171861951297
0.9975947053014944
0.9976709974744535
0.9977460629108514
0.9978199018501014
0.9978925137063739
0.9979638978539191
0.9980340545411192
0.998102984066149
0.9981706858124593
0.9982371591154424
0.9983024042822082
0.998366421678875
0.9984292106500878
0.9984907704819598
0.998551101549491
0.9986102042986589
0.998668078024906
0.9987247219513975
0.9987801365329094
0.9988343223110749
0.9988872785185048
0.9989390042970773
0.9989895001970879
0.9990387668772884
0.9990868034891878
0.999133609068102
0.9991791842812159
0.9992235299344329
0.9992666450730112
0.9993085285897294
0.9993491812985202
0.9993886041959857
0.9994267961854056
0.9994637559637566
0.9994994845349172
0.9995339831521739
0.9995672505240822
0.9995992850689684
0.9996300880458764
0.9996596610705004
0.9996880025750232
0.9997151105618041
0.9997409866489042
0.999765632996662
0.9997890476267186
0.9998112278777354
0.9998321759037407
0.9998518947568115
0.9998703818101344
0.999887633235317
0.9999036520511668
0.999918442965485
0.9999320022390058
0.9999443236533506
0.9999554117704371
0.9999652750677505
0.9999739077068577
0.9999812970741802
0.9999874507267428
0.9999923898164587
0.9999961055115083
0.9999985556490378
0.9999997603700809