3.743281620227634e-7
2.2562338504172885e-6
6.083613332874549e-6
0.000011887923590081506
0.000019603293723191584
0.000029215917031200078
0.00004075882160392563
0.000054243796055564175
0.00006965111815726566
0.00008697164661852774
0.00010621859991333249
0.00012739907722980615
0.00015050333575961083
0.0001755255027391378
0.00020247289724373285
0.00023135019722997363
0.0002621513827101296
0.0002948723080853366
0.0003295176952853307
0.0003660908606744062
0.00040458759672512556
0.00044500476018516366
0.000487345669281658
0.0005316127924356318
0.0005778029482825797
0.0006259136242713348
0.0006759472771367125
0.000727905803781681
0.0007817866620231095
0.0008375877604284154
0.0008953109789227032
0.0009549578051302188
0.0010165261215492327
0.0010800141303255462
0.001145423299738213
0.0012127548100226981
0.0012820068389456374
0.0013531777998436745
0.0014262688524380174
0.0015012809370656965
0.0015782124435650413
0.001657061940659954
0.0017378303475510393
0.001820518411331351
0.001905124677722303
0.001991647831559362
0.0020800885984497697
0.0021704475656375566
0.002262723395253907
0.0023569148597167855
0.0024530225245806836
0.00255104684184837
0.002650986561423707
0.0027528405220291763
0.0028566091538564375
0.0029622927922483555
0.003069890253542207
0.00317940042653575
0.003290823624689354
0.0034041600810120753
0.0035194086620102816
0.003636568293940323
0.003755639187888571
0.00387662148577983
0.003999514091650003
0.0041243159592408984
0.004251027208533875
0.004379647899342642
0.004510176963245405
0.004642613373471383
0.004776957167883289
0.004913208331441488
0.005051365815259556
0.0051914286055577685
0.00533339666534749
0.00547726991067965
0.005623047305701623
0.005770727844287449
0.005920311420548829
0.006071797886550101
0.006225186214131928
0.0063804754003946584
0.006537665275478055
0.006696755631578011
0.006857745443798913
0.00702063370876016
0.007185420196751946
0.007352104643578494
0.007520686023899881
0.0076911633307261695
0.007863536277978422
0.008037804548028937
0.008213967111964537
0.0083920229565273
0.008571971742231677
0.00875381310055734
0.008937545996358764
0.00912316940783553
0.009310682944636994
0.009500086189544676
0.0096913780989063
0.009884557640420955
0.010079624375069374
0.010276577838843726
0.010475416977627883
0.010676140746926688
0.010878748660963389
0.0110832402106108
0.011289614329596631
0.01149786995975921
0.01170800657023685
0.011920023608253727
0.012133919993910114
0.01234969465409319
0.012567347014328378
0.012786876479493503
0.013008281954777101
0.013231562350989767
0.013456717051347322
0.013683745419539983
0.013912646344719781
0.014143418720630407
0.014376061889338376
0.01461057517438269
0.014846957447889886
0.015085207585663563
0.015325324889658987
0.015567308644194755
0.015811157703500056
0.016056870924666233
0.016304447570470337
0.016553886886850444
0.01680518770936812
0.017058348875718332
0.017313369610341134
0.017570249121557135
0.017828986225576382
0.0180895797400904
0.01835202885196563
0.018616332732598995
0.01888249017824295
0.01915049998604479
0.01942036130599334
0.019692073273195332
0.019965634663407283
0.02024104425275053
0.020518301154971885
0.020797404469471203
0.021078352951027668
0.021361145354308997
0.0216457807574032
0.02193225822453926
0.02222057648909259
0.02251073428389372
0.022802730651910075
0.02309656462269638
0.02339223490784259
0.023689740218001187
0.02398907956151697
0.024290251933730467
0.024593256024106336
0.024898090520815264
0.02520475439804093
0.025513246617339114
0.02582356584574652
0.026135710748680818
0.026449680266594777
0.026765473327661105
0.02708308857621855
0.027402524654690508
0.027723780470201853
0.02804685491791803
0.028371746619239913
0.028698454193382683
0.029026976514520797
0.029357312445166484
0.02968946058357025
0.030023419525548878
0.030359188112682012
0.030696765175162843
0.03103614928790277
0.03137733902315287
0.031720333190233596
0.03206513058733562
0.03241172976586504
0.032760129274359784
0.03311032789019852
0.03346232437987051
0.03381611727113043
0.034171705088674065
0.03452908657824039
0.034888260474903676
0.035249225282639296
0.03561197950218897
0.03597652184793976
0.03634285102382462
0.03671096550992903
0.03708086378294351
0.037452544526178855
0.03782600641268874
0.03820124789857293
0.03857826743638937
0.038957063678635384
0.03933763526773748
0.0397199806357289
0.04010409821096572
0.04048998661538494
0.040877644461028595
0.04126707015579567
0.041658262103783095
0.042051218896611675
0.04244593911617289
0.042842421146176424
0.04324066336641397
0.04364066433842584
0.04404242261418001
0.04444593655315132
0.044851204510792386
0.04525822501879051
0.04566699659940965
0.04607751758785694
0.046489786315219606
0.04690380128355365
0.047319560985632614
0.04773706373237174
0.048156307830476974
0.048577291752587626
0.049000013962195665
0.049424472745909
0.04985066638604496
0.05027859332603568
0.050708252000294385
0.05113964067111576
0.051572757596428764
0.05200760119066272
0.05244416985935141
0.05288246184047729
0.05332247536758916
0.05376420882631372
0.054207660593499574
0.054652828882826854
0.05509971190347862
0.05554830801247512
0.055998615558171094
0.05645063272996054
0.05690435771268243
0.05735978883494297
0.05781692441679098
0.058275762623356986
0.05873630161516419
0.05919853969259403
0.05966247514757406
0.06012810612100061
0.060595430749115664
0.061064447304261193
0.061535154050426644
0.06200754910430939
0.06248163057790912
0.06295739671571288
0.06343484575395175
0.06391397578516467
0.06439478489715467
0.06487727130673493
0.06536143322255583
0.06584726871304514
0.06633477584185865
0.06682395279831499
0.06731479776366056
0.0678073087822626
0.06830148389368529
0.06879732125992999
0.06929481903501389
0.06979397523929975
0.07029478788831989
0.07079725511693447
0.07130137505210443
0.07180714569024926
0.07231456502293354
0.07282363115805035
0.07333434219567692
0.07384669610835459
0.07436069086374864
0.07487632454295834
0.07539359521934808
0.0759125008416508
0.07643303935370482
0.0769552088099883
0.07747900725732237
0.07800443262070555
0.0785314828202256
0.07906015588391058
0.0795904498322082
0.08012236256645999
0.08065589198308332
0.0811910360838266
0.0817277928629333
0.08226616019816868
0.08280613596236397
0.08334771813115827
0.08389090467275806
0.08443569344143831
0.08498208228653104
0.08553006915773498
0.08607965199738854
0.08663082863636418
0.08718359690058564
0.0877379547139806
0.08829389999318626
0.08885143054576494
0.08941054417432626
0.08997123877719515
0.09053351224547557
0.0910973623635144
0.09166278691070406
0.09222978375993596
0.09279835077694776
0.0933684857229693
0.09394018635427603
0.09451345051849391
0.09508827605616188
0.09566466070549406
0.09624260219975223
0.09682209836146527
0.09740314700614072
0.09798574584908126
0.09856989260064075
0.0991555850584197
0.09974282101306198
0.10033159815706583
0.1009219141779858
0.10151376684866298
0.10210715393504488
0.10270207310693535
0.10329852202920153
0.1038964984500933
0.10449600011103
0.10509702465923398
0.10569956973699868
0.10630363306815194
0.10690921236975359
0.10751630526655909
0.10812490937840513
0.10873502240486721
0.10934664203881383
0.10995976588265144
0.11057439153387927
0.11119051666799029
0.11180813895383035
0.11242725597157777
0.11304786529651556
0.11366996458022383
0.11429355146769615
0.11491862351700477
0.1155451782813407
0.11617321338854203
0.11680272645991963
0.11743371503156452
0.11806617663470265
0.11870010887360072
0.11933550934605752
0.11997237556631069
0.12061070504374882
0.12125049535923926
0.1218917440872398
0.12253444872026409
0.12317860674599446
0.12382421572207081
0.12447127319978168
0.1251197766500486
0.12576972353898053
0.12642111140116263
0.1270739377648864
0.12772820007961538
0.12838389579002008
0.12904102240780446
0.12969957743843574
0.13035955831005563
0.13102096244603312
0.13168378733536523
0.1323480304608684
0.1330136892295004
0.1336807610434685
0.13434924336923681
0.13501913366714557
0.1356904293231087
0.13636312771831305
0.13703722629686477
0.13771272249680333
0.13838961368314084
0.1390678972161864
0.13974757051786502
0.14042863100409053
0.14111107601911765
0.14179490290252272
0.14248010905422615
0.14316669186819275
0.14385464866806597
0.14454397677283615
0.1452346735605965
0.14592673640354037
0.14662016260484745
0.147314949463071
0.14801109433465554
0.14870859457020047
0.14940744745257206
0.15010765026003658
0.15080920032756873
0.15151209498435358
0.15221633149309444
0.15292190711192366
0.15362881915452586
0.1543370649288509
0.1550466416775933
0.15575754663890484
0.15646977710536092
0.15718333036385657
0.15789820363723228
0.1586143941438155
0.15933189915525348
0.16005071593756814
0.16077084169390243
0.16149227362291685
0.16221500897551278
0.16293904499702117
0.16366437887104568
0.1643910077767392
0.16511892894444014
0.16584813959897127
0.16657863690455754
0.16731041802100444
0.16804348015827175
0.16877782052085766
0.1695134362537698
0.1702503244976289
0.17098848244220077
0.17172790727184362
0.1724685961125113
0.17321054608580355
0.17395375436147753
0.17469821810393726
0.17544393442024742
0.17619090041315233
0.17693911323258704
0.17768857002318772
0.17843926787329611
0.17919120386696819
0.179944375134504
0.1806987788009593
0.18145441193612077
0.18221127160552442
0.18296935492002375
0.18372865898528168
0.18448918085269939
0.185250917569463
0.1860138662271682
0.18677802391227438
0.18754338765796796
0.1883099544932566
0.18907772149066793
0.18984668571764762
0.19061684418933966
0.191388193916746
0.19216073195351713
0.19293445534827547
0.1937093610982964
0.19448544619675068
0.19526270767860276
0.19604114257384353
0.19682074786205495
0.19760152051875202
0.19838345756040576
0.19916655599856825
0.1999508127953038
0.20073622490864917
0.20152278933677537
0.20231050307298815
0.20309936306201293
0.2038893662445862
0.204680509600773
0.20547279010582697
0.20626620468731383
0.20706075026884974
0.20785642381258818
0.2086532222759262
0.20945114256945008
0.21025018159983655
0.2110503363115236
0.2118516036442475
0.21265398049179673
0.21345746374409091
0.21426205032804946
0.21506773716594396
0.21587452113494887
0.21668239910840992
0.2174913679959254
0.21830142470250002
0.2191125660888782
0.21992478901201684
0.2207380903643914
0.22155246703393794
0.22236791586515636
0.22318443369880137
0.22400201741042391
0.22482066387109123
0.2256403699092454
0.22646113234962573
0.22728294805105953
0.22810581386794437
0.22892972661285294
0.2297546830946977
0.2305806801557826
0.23140771463403698
0.23223578332635286
0.23306488302600592
0.23389501055897832
0.2347261627469326
0.23555833637127066
0.2363915282098219
0.2372257350724496
0.23806095376475112
0.23889718105283075
0.23973441369926318
0.24057264849799553
0.2414118822387643
0.242252111672568
0.24309333354691975
0.24393554464005474
0.24477874172605252
0.24562292154099952
0.2464680808175419
0.24731421631840744
0.24816132480222342
0.24900940299035934
0.24985844760078946
0.2507084553809398
0.251559423074191
0.25241134738739146
0.2532642250240402
0.2541180527164675
0.25497282719301384
0.2558285451462037
0.256685203265258
0.2575427982676187
0.25840132686679307
0.2592607857411797
0.26012117156591996
0.2609824810437753
0.2618447108736277
0.262707857719949
0.2635719182440004
0.26443688913407126
0.2653027670746273
0.26616954871641374
0.2670372307070119
0.26790580972044853
0.26877528242698223
0.26964564546383263
0.27051689546510294
0.27138902909076734
0.27226204299708745
0.2731359338079593
0.27401069814421064
0.2748863326519735
0.2757628339737235
0.2766401987202365
0.2775184234992675
0.2783975049433183
0.27927743968129015
0.2801582243110424
0.2810398554274621
0.2819223296496328
0.2828056435930937
0.28368979384299253
0.2845747769815533
0.2854605896146547
0.2863472283446865
0.2872346897442909
0.2881229703832352
0.2890120668544064
0.2899019757472586
0.2907926936221352
0.2916842170365541
0.2925765425706246
0.29346966680107966
0.29436358627617154
0.2952582975413761
0.2961537971642404
0.29705008170899116
0.2979471477119977
0.29884499170690326
0.2997436102489076
0.30064299988994714
0.3015431571547178
0.30244407856523925
0.30334576066458085
0.30424819999260444
0.3051513930625429
0.30605533638500304
0.3069600264911402
0.30786545990895897
0.30877163314044
0.3096785426849886
0.3105861850620635
0.31149455678802973
0.31240365435382733
0.31331347424787204
0.3142240129781444
0.3151352670495877
0.3160472329423143
0.31695990713396316
0.3178732861212551
0.3187873663979306
0.31970214443348755
0.3206176166950019
0.3215337796681539
0.32245062983570083
0.3233681636567398
0.3242863775879984
0.32520526810433636
0.3261248316777471
0.32704506475714246
0.32796596378911613
0.3288875252379281
0.3298097455650285
0.3307326212093593
0.3316561486075964
0.3325803242136205
0.33350514447855995
0.3344306058316029
0.33535670469972423
0.3362834375266467
0.33721080075339827
0.3381387907996307
0.33906740408283453
0.33999663703679706
0.3409264860926682
0.3418569476607801
0.3427880181493578
0.34371969398247515
0.3446519715816265
0.34558484734804373
0.3465183176809037
0.34745237899479064
0.3483870277017663
0.349322260194181
0.350258072862383
0.35119446211169036
0.35213142434495603
0.35306895594586785
0.3540070532961659
0.35494571279212583
0.35588493082761585
0.356824703777882
0.3577650280162762
0.35870589993025637
0.3596473159049304
0.3605892723073236
0.36153176550262056
0.36247479186968656
0.3634183477850944
0.3643624296078699
0.36530703369525197
0.3662521564177387
0.3671977941435933
0.3681439432240641
0.36909060000866656
0.37003776085975726
0.37098542213751606
0.37193358018563605
0.3728822313461322
0.37383137197344607
0.3747809984199
0.3757311070218554
0.3766816941140497
0.3776327560432362
0.3785842891541069
0.3795362897759146
0.38048875423634354
0.3814416788746854
0.3823950600282291
0.38334889401934313
0.3843031771688826
0.3852579058089055
0.38621307626952484
0.3871686848664496
0.3881247279139306
0.38908120173701966
0.39003810265888217
0.39099542698879264
0.3919531710346228
0.3929113311146466
0.39386990354531015
0.394828884629679
0.3957882706694714
0.39674805797641244
0.39770824286045703
0.3986688216186879
0.3996297905468964
0.40059114595048717
0.40155288413315315
0.402515001386221
0.40347749399978117
0.4044403582731477
0.40540359050398056
0.40636718697807694
0.4073311439800539
0.40829545780336396
0.40926012473986406
0.41022514107004926
0.4111905030732905
0.41215620703740885
0.4131222492486877
0.4140886259825479
0.4150553335133421
0.4160223681234898
0.4169897260939315
0.4179574036952415
0.41892539719698263
0.41989370287640304
0.42086231700933063
0.4218312358617218
0.42280045569857805
0.42376997279220685
0.42473978341355423
0.4257098838241874
0.4266802702847752
0.42765093906291585
0.42862188642490384
0.4295931086281466
0.43056460192920976
0.431536362591213
0.43250838687603044
0.4334806710371395
0.4344532113272317
0.43542600400517983
0.436399045328669
0.437372331547476
0.4383458589106488
0.4393196236730439
0.44029362208838985
0.4412678504029921
0.4422423048624854
0.443216981717942
0.44419187721936504
0.44516698760981954
0.4461423091317571
0.447117838032698
0.4480935705591511
0.4490695029511722
0.45004563144826015
0.45102195229461506
0.45199846173348435
0.4529751560021449
0.4539520313373734
0.45492908398028264
0.45590631017109007
0.456883706144525
0.4578612681348737
0.45883899238039283
0.45981687511850344
0.4607949125816173
0.4617731010017624
0.46275143661457174
0.4637299156549014
0.4647085343530786
0.46568728893910316
0.4666661756462178
0.4676451907069462
0.4686243303497618
0.4696035908028693
0.4705829682973527
0.47156245906363625
0.47254205932857185
0.47352176531879997
0.4745015732634795
0.47548147939116736
0.476461479927326
0.4774415710972644
0.47842174912844837
0.4794020102478005
0.480382350679626
0.4813627666481338
0.48234325437933023
0.48332381009873626
0.4843044300297319
0.4852851103956587
0.4862658474212961
0.4872466373309957
0.488227476347445
0.4892083606933516
0.4901892865924993
0.4911702502683051
0.49215124794299525
0.49313227583887487
0.4941133301789672
0.4950944071859852
0.4960755030819275
0.4970566140889311
0.4980377364294899
0.4990188663258438
0.5
0.5009811336741562
0.5019622635705101
0.5029433859110689
0.5039244969180725
0.5049055928140148
0.5058866698210328
0.5068677241611251
0.5078487520570047
0.5088297497316949
0.5098107134075007
0.5107916393066484
0.511772523652555
0.5127533626690043
0.5137341525787039
0.5147148896043413
0.5156955699702681
0.5166761899012637
0.5176567456206698
0.5186372333518662
0.519617649320374
0.5205979897521995
0.5215782508715516
0.5225584289027356
0.523538520072674
0.5245185206088326
0.5254984267365205
0.5264782346812
0.5274579406714281
0.5284375409363637
0.5294170317026473
0.5303964091971307
0.5313756696502382
0.5323548092930538
0.5333338243537822
0.5343127110608968
0.5352914656469214
0.5362700843450986
0.5372485633854283
0.5382268989982376
0.5392050874183827
0.5401831248814966
0.5411610076196072
0.5421387318651263
0.543116293855475
0.5440936898289099
0.5450709160197174
0.5460479686626266
0.5470248439978551
0.5480015382665157
0.5489780477053849
0.5499543685517398
0.5509304970488278
0.5519064294408489
0.552882161967302
0.5538576908682429
0.5548330123901805
0.555808122780635
0.556783018282058
0.5577576951375146
0.5587321495970079
0.5597063779116102
0.5606803763269561
0.5616541410893512
0.562627668452524
0.563600954671331
0.5645739959948202
0.5655467886727683
0.5665193289628605
0.5674916131239696
0.568463637408787
0.5694353980707902
0.5704068913718534
0.5713781135750962
0.5723490609370842
0.5733197297152248
0.5742901161758126
0.5752602165864458
0.5762300272077931
0.577199544301422
0.5781687641382782
0.5791376829906694
0.580106297123597
0.5810746028030174
0.5820425963047585
0.5830102739060685
0.5839776318765102
0.5849446664866579
0.5859113740174521
0.5868777507513123
0.5878437929625911
0.5888094969267095
0.5897748589299507
0.5907398752601359
0.591704542196636
0.5926688560199461
0.5936328130219231
0.5945964094960194
0.5955596417268523
0.5965225060002188
0.597484998613779
0.5984471158668468
0.5994088540495128
0.6003702094531036
0.6013311783813121
0.602291757139543
0.6032519420235876
0.6042117293305286
0.605171115370321
0.6061300964546898
0.6070886688853534
0.6080468289653772
0.6090045730112074
0.6099618973411178
0.6109187982629803
0.6118752720860694
0.6128313151335504
0.6137869237304752
0.6147420941910945
0.6156968228311174
0.6166511059806569
0.6176049399717709
0.6185583211253146
0.6195112457636565
0.6204637102240854
0.6214157108458931
0.6223672439567638
0.6233183058859503
0.6242688929781446
0.6252190015801
0.6261686280265539
0.6271177686538678
0.628066419814364
0.6290145778624839
0.6299622391402427
0.6309093999913334
0.6318560567759359
0.6328022058564067
0.6337478435822613
0.634692966304748
0.6356375703921301
0.6365816522149056
0.6375252081303134
0.6384682344973794
0.6394107276926764
0.6403526840950696
0.6412941000697436
0.6422349719837238
0.643175296222118
0.6441150691723841
0.6450542872078742
0.6459929467038341
0.6469310440541322
0.647868575655044
0.6488055378883096
0.649741927137617
0.650677739805819
0.6516129722982337
0.6525476210052094
0.6534816823190963
0.6544151526519563
0.6553480284183735
0.6562803060175249
0.6572119818506422
0.6581430523392199
0.6590735139073318
0.6600033629632029
0.6609325959171655
0.6618612092003693
0.6627891992466017
0.6637165624733533
0.6646432953002758
0.6655693941683971
0.66649485552144
0.6674196757863795
0.6683438513924036
0.6692673787906407
0.6701902544349715
0.6711124747620719
0.6720340362108839
0.6729549352428575
0.6738751683222529
0.6747947318956636
0.6757136224120016
0.6766318363432602
0.6775493701642992
0.6784662203318461
0.6793823833049981
0.6802978555665125
0.6812126336020694
0.6821267138787449
0.6830400928660368
0.6839527670576857
0.6848647329504123
0.6857759870218556
0.686686525752128
0.6875963456461727
0.6885054432119703
0.6894138149379365
0.6903214573150114
0.69122836685956
0.692134540091041
0.6930399735088598
0.693944663614997
0.6948486069374571
0.6957518000073956
0.6966542393354191
0.6975559214347608
0.6984568428452822
0.6993570001100529
0.7002563897510924
0.7011550082930967
0.7020528522880023
0.7029499182910088
0.7038462028357596
0.7047417024586239
0.7056364137238285
0.7065303331989203
0.7074234574293754
0.7083157829634459
0.7092073063778648
0.7100980242527414
0.7109879331455936
0.7118770296167648
0.7127653102557091
0.7136527716553135
0.7145394103853453
0.7154252230184467
0.7163102061570075
0.7171943564069063
0.7180776703503672
0.7189601445725379
0.7198417756889576
0.7207225603187098
0.7216024950566817
0.7224815765007325
0.7233598012797635
0.7242371660262765
0.7251136673480265
0.7259893018557894
0.7268640661920407
0.7277379570029125
0.7286109709092327
0.7294831045348971
0.7303543545361674
0.7312247175730178
0.7320941902795515
0.7329627692929881
0.7338304512835863
0.7346972329253727
0.7355631108659287
0.7364280817559996
0.737292142280051
0.7381552891263723
0.7390175189562247
0.73987882843408
0.7407392142588203
0.7415986731332069
0.7424572017323813
0.743314796734742
0.7441714548537963
0.7450271728069862
0.7458819472835325
0.7467357749759598
0.7475886526126085
0.748440576925809
0.7492915446190602
0.7501415523992105
0.7509905970096407
0.7518386751977766
0.7526857836815926
0.7535319191824581
0.7543770784590005
0.7552212582739475
0.7560644553599453
0.7569066664530802
0.757747888327432
0.7585881177612357
0.7594273515020045
0.7602655863007368
0.7611028189471692
0.7619390462352489
0.7627742649275504
0.7636084717901781
0.7644416636287293
0.7652738372530674
0.7661049894410217
0.7669351169739941
0.7677642166736471
0.768592285365963
0.7694193198442174
0.7702453169053023
0.7710702733871471
0.7718941861320556
0.7727170519489405
0.7735388676503743
0.7743596300907546
0.7751793361289088
0.7759979825895761
0.7768155663011986
0.7776320841348436
0.7784475329660621
0.7792619096356086
0.7800752109879832
0.7808874339111218
0.7816985752975
0.7825086320040746
0.7833176008915901
0.7841254788650511
0.784932262834056
0.7857379496719505
0.7865425362559091
0.7873460195082033
0.7881483963557525
0.7889496636884764
0.7897498184001635
0.7905488574305499
0.7913467777240738
0.7921435761874118
0.7929392497311503
0.7937337953126862
0.794527209894173
0.795319490399227
0.7961106337554138
0.7969006369379871
0.7976894969270119
0.7984772106632246
0.7992637750913508
0.8000491872046962
0.8008334440014317
0.8016165424395942
0.802398479481248
0.803179252137945
0.8039588574261565
0.8047372923213972
0.8055145538032493
0.8062906389017036
0.8070655446517245
0.8078392680464829
0.808611806083254
0.8093831558106603
0.8101533142823524
0.8109222785093321
0.8116900455067434
0.812456612342032
0.8132219760877256
0.8139861337728318
0.814749082430537
0.8155108191473006
0.8162713410147183
0.8170306450799762
0.8177887283944756
0.8185455880638792
0.8193012211990407
0.820055624865496
0.8208087961330318
0.8215607321267039
0.8223114299768123
0.823060886767413
0.8238090995868477
0.8245560655797526
0.8253017818960627
0.8260462456385225
0.8267894539141964
0.8275314038874887
0.8282720927281564
0.8290115175577992
0.8297496755023711
0.8304865637462302
0.8312221794791423
0.8319565198417282
0.8326895819789956
0.8334213630954425
0.8341518604010287
0.8348810710555599
0.8356089922232608
0.8363356211289543
0.8370609550029788
0.8377849910244872
0.8385077263770832
0.8392291583060976
0.8399492840624319
0.8406681008447465
0.8413856058561845
0.8421017963627677
0.8428166696361434
0.8435302228946391
0.8442424533610952
0.8449533583224067
0.8456629350711491
0.8463711808454741
0.8470780928880763
0.8477836685069056
0.8484879050156464
0.8491907996724313
0.8498923497399634
0.8505925525474279
0.8512914054297995
0.8519889056653445
0.852685050536929
0.8533798373951526
0.8540732635964596
0.8547653264394035
0.8554560232271639
0.856145351331934
0.8568333081318072
0.8575198909457739
0.8582050970974773
0.8588889239808823
0.8595713689959095
0.860252429482135
0.8609321027838136
0.8616103863168592
0.8622872775031967
0.8629627737031352
0.863636872281687
0.8643095706768913
0.8649808663328544
0.8656507566307632
0.8663192389565315
0.8669863107704996
0.8676519695391316
0.8683162126646348
0.8689790375539669
0.8696404416899444
0.8703004225615643
0.8709589775921955
0.8716161042099799
0.8722717999203846
0.8729260622351136
0.8735788885988374
0.8742302764610195
0.8748802233499514
0.8755287268002183
0.8761757842779292
0.8768213932540055
0.8774655512797359
0.8781082559127602
0.8787495046407607
0.8793892949562512
0.8800276244336893
0.8806644906539425
0.8812998911263993
0.8819338233652974
0.8825662849684355
0.8831972735400804
0.883826786611458
0.8844548217186593
0.8850813764829952
0.8857064485323038
0.8863300354197762
0.8869521347034844
0.8875727440284222
0.8881918610461697
0.8888094833320097
0.8894256084661207
0.8900402341173486
0.8906533579611862
0.8912649775951328
0.8918750906215949
0.8924836947334409
0.8930907876302464
0.8936963669318481
0.8943004302630013
0.894902975340766
0.89550399988897
0.8961035015499067
0.8967014779707985
0.8972979268930646
0.8978928460649551
0.898486233151337
0.8990780858220142
0.8996684018429342
0.900257178986938
0.9008444149415803
0.9014301073993592
0.9020142541509187
0.9025968529938593
0.9031779016385347
0.9037573978002478
0.9043353392945059
0.9049117239438381
0.9054865494815061
0.906059813645724
0.9066315142770307
0.9072016492230522
0.907770216240064
0.9083372130892959
0.9089026376364856
0.9094664877545244
0.9100287612228048
0.9105894558256737
0.9111485694542351
0.9117061000068137
0.9122620452860194
0.9128164030994144
0.9133691713636358
0.9139203480026115
0.914469930842265
0.915017917713469
0.9155643065585617
0.9161090953272419
0.9166522818688417
0.917193864037636
0.9177338398018313
0.9182722071370667
0.9188089639161734
0.9193441080169167
0.91987763743354
0.9204095501677918
0.9209398441160894
0.9214685171797744
0.9219955673792944
0.9225209927426776
0.9230447911900117
0.9235669606462952
0.9240874991583492
0.9246064047806519
0.9251236754570417
0.9256393091362514
0.9261533038916454
0.9266656578043231
0.9271763688419496
0.9276854349770665
0.9281928543097507
0.9286986249478956
0.9292027448830655
0.9297052121116801
0.9302060247607002
0.9307051809649861
0.93120267874007
0.9316985161063147
0.9321926912177374
0.9326852022363394
0.933176047201685
0.9336652241581413
0.9341527312869549
0.9346385667774442
0.9351227286932651
0.9356052151028453
0.9360860242148353
0.9365651542460482
0.9370426032842871
0.9375183694220909
0.9379924508956906
0.9384648459495734
0.9389355526957388
0.9394045692508843
0.9398718938789994
0.9403375248524259
0.940801460307406
0.9412636983848358
0.941724237376643
0.942183075583209
0.942640211165057
0.9430956422873176
0.9435493672700395
0.9440013844418289
0.9444516919875249
0.9449002880965214
0.9453471711171731
0.9457923394065004
0.9462357911736863
0.9466775246324108
0.9471175381595227
0.9475558301406486
0.9479923988093373
0.9484272424035712
0.9488603593288842
0.9492917479997056
0.9497214066739643
0.950149333613955
0.950575527254091
0.9509999860378043
0.9514227082474124
0.951843692169523
0.9522629362676283
0.9526804390143674
0.9530961987164464
0.9535102136847804
0.9539224824121431
0.9543330034005904
0.9547417749812095
0.9551487954892076
0.9555540634468487
0.95595757738582
0.9563593356615742
0.956759336633586
0.9571575788538236
0.9575540608838271
0.9579487811033883
0.9583417378962169
0.9587329298442043
0.9591223555389714
0.9595100133846151
0.9598959017890343
0.9602800193642711
0.9606623647322625
0.9610429363213646
0.9614217325636106
0.9617987521014271
0.9621739935873113
0.9625474554738211
0.9629191362170565
0.963289034490071
0.9636571489761754
0.9640234781520602
0.964388020497811
0.9647507747173607
0.9651117395250963
0.9654709134217596
0.9658282949113259
0.9661838827288696
0.9665376756201295
0.9668896721098015
0.9672398707256402
0.967588270234135
0.9679348694126644
0.9682796668097664
0.9686226609768471
0.9689638507120972
0.9693032348248372
0.969640811887318
0.9699765804744511
0.9703105394164298
0.9706426875548335
0.9709730234854792
0.9713015458066173
0.9716282533807601
0.971953145082082
0.9722762195297981
0.9725974753453095
0.9729169114237814
0.9732345266723389
0.9735503197334052
0.9738642892513192
0.9741764341542535
0.9744867533826609
0.9747952456019591
0.9751019094791847
0.9754067439758937
0.9757097480662695
0.976010920438483
0.9763102597819988
0.9766077650921574
0.9769034353773036
0.9771972693480899
0.9774892657161063
0.9777794235109074
0.9780677417754607
0.9783542192425968
0.978638854645691
0.9789216470489723
0.9792025955305288
0.9794816988450281
0.9797589557472495
0.9800343653365927
0.9803079267268047
0.9805796386940067
0.9808495000139552
0.981117509821757
0.981383667267401
0.9816479711480344
0.9819104202599096
0.9821710137744236
0.9824297508784429
0.9826866303896589
0.9829416511242817
0.9831948122906319
0.9834461131131496
0.9836955524295297
0.9839431290753338
0.9841888422964999
0.9844326913558052
0.984674675110341
0.9849147924143364
0.9851530425521101
0.9853894248256173
0.9856239381106616
0.9858565812793696
0.9860873536552802
0.98631625458046
0.9865432829486527
0.9867684376490102
0.9869917180452229
0.9872131235205065
0.9874326529856716
0.9876503053459068
0.9878660800060899
0.9880799763917463
0.9882919934297631
0.9885021300402408
0.9887103856704034
0.9889167597893892
0.9891212513390366
0.9893238592530733
0.9895245830223721
0.9897234221611563
0.9899203756249306
0.990115442359579
0.9903086219010937
0.9904999138104553
0.990689317055363
0.9908768305921645
0.9910624540036412
0.9912461868994427
0.9914280282577683
0.9916079770434727
0.9917860328880355
0.9919621954519711
0.9921364637220216
0.9923088366692738
0.9924793139761001
0.9926478953564215
0.992814579803248
0.9929793662912398
0.9931422545562011
0.993303244368422
0.993462334724522
0.9936195245996053
0.9937748137858681
0.9939282021134499
0.9940796885794512
0.9942292721557126
0.9943769526942984
0.9945227300893204
0.9946666033346525
0.9948085713944422
0.9949486341847404
0.9950867916685585
0.9952230428321167
0.9953573866265286
0.9954898230367546
0.9956203521006574
0.9957489727914661
0.9958756840407591
0.99600048590835
0.9961233785142202
0.9962443608121114
0.9963634317060597
0.9964805913379897
0.9965958399189879
0.9967091763753106
0.9968205995734642
0.9969301097464578
0.9970377072077516
0.9971433908461436
0.9972471594779708
0.9973490134385763
0.9974489531581516
0.9975469774754193
0.9976430851402832
0.9977372766047461
0.9978295524343624
0.9979199114015502
0.9980083521684406
0.9980948753222777
0.9981794815886686
0.998262169652449
0.99834293805934
0.998421787556435
0.9984987190629343
0.998573731147562
0.9986468222001563
0.9987179931610544
0.9987872451899773
0.9988545767002618
0.9989199858696745
0.9989834738784508
0.9990450421948698
0.9991046890210773
0.9991624122395716
0.9992182133379769
0.9992720941962183
0.9993240527228633
0.9993740863757287
0.9994221970517174
0.9994683872075644
0.9995126543307183
0.9995549952398148
0.9995954124032749
0.9996339091393256
0.9996704823047147
0.9997051276919147
0.9997378486172899
0.99976864980277
0.9997975271027563
0.9998244744972609
0.9998494966642404
0.9998726009227702
0.9998937814000867
0.9999130283533815
0.9999303488818427
0.9999457562039444
0.9999592411783961
0.9999707840829688
0.9999803967062768
0.9999881120764099
0.9999939163866671
0.9999977437661496
0.999999625671838