0.0002533808340174523
0.0007100551190840436
0.0012115518729102848
0.00169729544644878
0.0021688518026318727
0.002643453542154695
0.003123380826446731
0.0035979279568793673
0.0040637668312796995
0.0045269534265661255
0.004989540256385981
0.005446515574572722
0.00589536605027143
0.006339030918506757
0.006778808005779567
0.007211662436144741
0.0076357319060865285
0.008052681739146948
0.008463328937869273
0.008865584233350295
0.009258021230888735
0.009641661760903676
0.010017022915359716
0.01038256423585947
0.010737169100904966
0.011081492463300827
0.011415858784437
0.01173909203945516
0.012050312938609148
0.01234995176866271
0.012638206287416354
0.012914168404560744
0.01317715340934507
0.013427448181453182
0.013665165945054817
0.013889611946219857
0.014100270289739335
0.014297334191703074
0.014480859895250517
0.014650333517559904
0.014805392470229977
0.014946167908519893
0.015072676887285408
0.015184566600082446
0.015281618853155021
0.015363922834708341
0.015431467060854992
0.015484047811834253
0.015521586998472855
0.015544143891202646
0.015551683320874785
0.015544143891202646
0.015521586998472855
0.015484047811834253
0.015431467060854992
0.015363922834708341
0.015281618853155021
0.015184566600082446
0.015072676887285408
0.014946167908519893
0.014805392470229977
0.014650333517559904
0.014480859895250517
0.014297334191703074
0.014100270289739335
0.013889611946219857
0.013665165945054817
0.013427448181453182
0.01317715340934507
0.012914168404560744
0.012638206287416354
0.01234995176866271
0.012050312938609148
0.01173909203945516
0.011415858784437
0.011081492463300827
0.010737169100904966
0.01038256423585947
0.010017022915359716
0.009641661760903676
0.009258021230888735
0.008865584233350295
0.008463328937869273
0.008052681739146948
0.0076357319060865285
0.007211662436144741
0.006778808005779567
0.006339030918506757
0.00589536605027143
0.005446515574572722
0.004989540256385981
0.0045269534265661255
0.0040637668312796995
0.0035979279568793673
0.003123380826446731
0.002643453542154695
0.0021688518026318727
0.00169729544644878
0.0012115518729102848
0.0007100551190840436
0.0002533808340174523