4.028996165499983e-6
0.000011293838838976021
0.00001928275232229053
0.000027039760720706147
0.00003459601882513026
0.00004223332123515366
0.000049996392432202125
0.000057721353957166445
0.00006536105357131504
0.0000730199406372844
0.00008073922940890985
0.00008844493296133755
0.00009610229156907709
0.00010376627990598037
0.0001114660929211927
0.0001191585123442052
0.000126818479570533
0.00013448063110600578
0.0001421663816728805
0.00014984681412993984
0.00015750305238906387
0.0001651592962036873
0.00017283195990711958
0.0001805000313661238
0.0001881487084837311
0.00019579605590104677
0.0002034551148835149
0.00021110975401333884
0.00021874798908487884
0.00022638393532141472
0.00023402824969832897
0.0002416680535490544
0.0002492933968053684
0.00025691568224590395
0.0002645438141675995
0.00027216720613708925
0.00027977742928857007
0.00028738393115416717
0.00029499428559389383
0.00030259959165861036
0.00031019259164850546
0.00031778126985880875
0.00032537216313568523
0.00033295765198331477
0.0003405314023974966
0.0003481002704389669
0.00035566996662937374
0.00036323387236683786
0.0003707863970456836
0.0003783335053753568
0.000385880237078868
0.00039342077285104316
0.0004009501307642416
0.00040847355693354113
0.00041599553783713524
0.0004235109044568882
0.000431015180634251
0.0004385130232117513
0.0004460084560985291
0.00045349684775657074
0.00046097414769629016
0.0004684445224481557
0.00047591160453876223
0.0004833712127518043
0.0004908196588964702
0.0004982606963539017
0.0005056976230277356
0.0005131266394942172
0.0005205443689742774
0.0005279542128826599
0.000535359180378448
0.0005427557991029932
0.0005501409623147854
0.0005575177686711655
0.0005648889761128771
0.0005722513950585723
0.000579602154777014
0.0005869440912451335
0.0005942797422343523
0.0006016061646525148
0.0006089206955045929
0.0006162259411130168
0.0006235242450005342
0.0006308128805280804
0.0006380893687221975
0.0006453561137395342
0.0006526152866932141
0.0006598643522871651
0.000667100995519459
0.0006743274414659905
0.0006815457073826266
0.0006887534281399423
0.0006959484356233322
0.0007031327953833533
0.0007103083866846832
0.0007174729965720903
0.0007246245891592831
0.0007317650871587521
0.0007388962455098869
0.0007460159880284845
0.00075312239840148
0.0007602172708410873
0.0007673022478031961
0.0007743753766050095
0.0007814348495118092
0.0007884823446375949
0.0007955194022738397
0.000802544181735011
0.0008095549742675553
0.0008165533526728006
0.0008235407641147069
0.000830515469880416
0.0008374758517775001
0.0008444233867218743
0.0008513594367105554
0.000858282356217499
0.0008651906101861024
0.0008720855879371995
0.0008789685733346788
0.0008858380063087919
0.000892692428365405
0.0008995331485484374
0.0009063613788334613
0.0009131756377737677
0.0009199745375943059
0.0009267593135503556
0.0009335311112982928
0.0009402885219459546
0.0009470302232248538
0.0009537573823779352
0.000960471083724614
0.0009671699855198052
0.0009738528263351233
0.0009805207105625271
0.0009871746656573777
0.000993813412186536
0.0010004357453683307
0.0010070427113733778
0.001013635284822784
0.0010202122442552876
0.0010267724377577777
0.0010333168574463221
0.0010398464287456413
0.0010463599842611766
0.0010528564215372572
0.0010593366823921297
0.0010658016463520818
0.0010722501965640546
0.0010786812769364772
0.0010850957823930966
0.0010914945495571937
0.0010978765089255404
0.001104240647961213
0.0011105878177823968
0.0011169188148371734
0.0011232326140758568
0.0011295282439577026
0.0011358065146061284
0.0011420681847855696
0.0011483122712632327
0.0011545378411609573
0.0011607456661706411
0.0011669364696533214
0.0011731093077886482
0.0011792632842265833
0.00118539913457206
0.0011915175488721212
0.0011976176205231136
0.0012036984877458214
0.0012097608522070645
0.001215805372560744
0.0012218311774078161
0.0012278374377432584
0.001233824823268688
0.0012397939630140369
0.0012457440189379712
0.001251674193157052
0.0012575851252229228
0.0012634774161741007
0.0012693502596282332
0.0012752028873011547
0.0012810359102682757
0.0012868499030833807
0.0012926440894607284
0.0012984177293092294
0.0013041714067738635
0.001309905671319259
0.001315619775313672
0.0013213130055599335
0.0013269859207021284
0.0013326390464098285
0.0013382716623723874
0.0013438830810831375
0.0013494738370107607
0.0013550444332304623
0.0013605941755198375
0.0013661224009468248
0.0013716296210348783
0.001377116317380893
0.0013825818207082623
0.0013880254916242977
0.00139344781984925
0.0013988492665423754
0.0014042291863115
0.0014095869623412915
0.0014149230636120941
0.0014202379318147022
0.001425530944455932
0.00143080150640279
0.001436050066885902
0.0014412770490326468
0.0014464818523321204
0.0014516639024990587
0.0014568236299395785
0.001461961440061581
0.0014670767534838993
0.0014721690159908139
0.001477238640026842
0.0014822860140719014
0.0014873105790778403
0.0014923118001728573
0.001497290072646909
0.0015022457687919799
0.0015071783491510018
0.0015120872975162287
0.0015169729927798578
0.0015218357917393132
0.0015266751738343854
0.001531490640888351
0.001536282556101818
0.0015410512614295803
0.0015457962545593613
0.0015505170547509028
0.0015552140101780234
0.001559887448563288
0.0015645368852356923
0.0015691618563352105
0.0015737626956315615
0.0015783397171897692
0.0015828924534113432
0.0015874204567947335
0.0015919240472916294
0.001596403525848131
0.0016008584414061243
0.0016052883623344932
0.001609693595315467
0.0016140744286850413
0.0016184304274257262
0.001622761175317082
0.0016270669662903552
0.001631348076548905
0.001635604086647462
0.0016398345953450174
0.0016440398843089595
0.001648220218060297
0.001652375192285334
0.0016565044203191229
0.0016606081720222994
0.001664686700658288
0.0016687396166320738
0.0016727665474727807
0.0016767677516681114
0.0016807434716224674
0.0016846933320713393
0.0016886169743816778
0.0016925146460734486
0.0016963865790704169
0.0017002324120731435
0.0017040517999489225
0.0017078449796352603
0.0017116121729303315
0.001715353032156213
0.0017190672253651258
0.0017227549792732772
0.0017264165058885812
0.0017300514708320496
0.0017336595550433936
0.001737240975358583
0.00174079593431203
0.0017443241105198205
0.0017478251975288864
0.001751299402617311
0.0017547469191447577
0.0017581674384362566
0.0017615606663827508
0.0017649268010082478
0.0017682660267791537
0.0017715780474605552
0.0017748625810401503
0.0017781198165739993
0.0017813499299009238
0.0017845526369733528
0.0017877276676423538
0.001790875202266844
0.0017939954083080528
0.0017970880136680611
0.001800152759842478
0.0018031898187475094
0.0018061993497033475
0.0018091810923376629
0.001812134799584757
0.0018150606351585322
0.0018179587504604106
0.0018208288966333108
0.0018236708378572203
0.0018264847298695836
0.00182927071636293
0.0018320285597974812
0.0018347580354174835
0.0018374592911972192
0.0018401324633169755
0.0018427773253690543
0.0018453936634915723
0.0018479816180962286
0.0018505413180362146
0.0018530725478619055
0.001855575104445477
0.0018580491208248485
0.0018604947186998855
0.001862911693415516
0.0018652998524294373
0.001867659321582061
0.0018699902155832745
0.0018722923404196831
0.0018745655139947002
0.0018768098551174845
0.0018790254716606677
0.0018812121801092872
0.001883369808682527
0.0018854984693136671
0.001887598263180531
0.0018896690171333866
0.0018917105695855244
0.0018937230257400287
0.0018957064802128222
0.0018976607700946597
0.001899585743880934
0.0019014815001794727
0.0019033481271682566
0.0019051854720628504
0.0019069933933358843
0.0019087719831265928
0.0019105213232895202
0.0019122412710576798
0.001913931694784406
0.0019155926802575036
0.0019172243031140921
0.0019188264305051374
0.0019203989405761617
0.0019219419128715346
0.001923455416908806
0.0019249393296651336
0.0019263935389967326
0.0019278181183045274
0.0019292131310758543
0.0019305784640299153
0.001931914014659385
0.0019332198503132277
0.0019344960285302766
0.001935742445694582
0.0019369590088681571
0.0019381457794316113
0.0019393028090486518
0.0019404300036986225
0.0019415272799522831
0.001942594693297499
0.001943632289589211
0.0019446399843387212
0.0019456177035717971
0.0019465654969516122
0.0019474834045829488
0.001948371351452686
0.0019492292729942405
0.0019500572131066313
0.0019508552061958276
0.0019516231866744628
0.001952361099342445
0.0019530689823879501
0.0019537468645621932
0.0019543946896600915
0.0019550124118132904
0.0019556000635450564
0.001956157667988906
0.00195668517828481
0.0019571825578674797
0.0019576498336340183
0.001958087023130563
0.0019584940888107815
0.0019588710033900123
0.0019592177881709717
0.001959534455135444
0.001959820976025961
0.0019600773328217577
0.0019603035412560687
0.0019604996077625765
0.001960665513353662
0.0019608012492616663
0.001960906825668394
0.0019609822434690596
0.001961027492931156
0.0019610425745399084
0.001961027492931156
0.0019609822434690596
0.001960906825668394
0.0019608012492616663
0.001960665513353662
0.0019604996077625765
0.0019603035412560687
0.0019600773328217577
0.001959820976025961
0.001959534455135444
0.0019592177881709717
0.0019588710033900123
0.0019584940888107815
0.001958087023130563
0.0019576498336340183
0.0019571825578674797
0.00195668517828481
0.001956157667988906
0.0019556000635450564
0.0019550124118132904
0.0019543946896600915
0.0019537468645621932
0.0019530689823879501
0.001952361099342445
0.0019516231866744628
0.0019508552061958276
0.0019500572131066313
0.0019492292729942405
0.001948371351452686
0.0019474834045829488
0.0019465654969516122
0.0019456177035717971
0.0019446399843387212
0.001943632289589211
0.001942594693297499
0.0019415272799522831
0.0019404300036986225
0.0019393028090486518
0.0019381457794316113
0.0019369590088681571
0.001935742445694582
0.0019344960285302766
0.0019332198503132277
0.001931914014659385
0.0019305784640299153
0.0019292131310758543
0.0019278181183045274
0.0019263935389967326
0.0019249393296651336
0.001923455416908806
0.0019219419128715346
0.0019203989405761617
0.0019188264305051374
0.0019172243031140921
0.0019155926802575036
0.001913931694784406
0.0019122412710576798
0.0019105213232895202
0.0019087719831265928
0.0019069933933358843
0.0019051854720628504
0.0019033481271682566
0.0019014815001794727
0.001899585743880934
0.0018976607700946597
0.0018957064802128222
0.0018937230257400287
0.0018917105695855244
0.0018896690171333866
0.001887598263180531
0.0018854984693136671
0.001883369808682527
0.0018812121801092872
0.0018790254716606677
0.0018768098551174845
0.0018745655139947002
0.0018722923404196831
0.0018699902155832745
0.001867659321582061
0.0018652998524294373
0.001862911693415516
0.0018604947186998855
0.0018580491208248485
0.001855575104445477
0.0018530725478619055
0.0018505413180362146
0.0018479816180962286
0.0018453936634915723
0.0018427773253690543
0.0018401324633169755
0.0018374592911972192
0.0018347580354174835
0.0018320285597974812
0.00182927071636293
0.0018264847298695836
0.0018236708378572203
0.0018208288966333108
0.0018179587504604106
0.0018150606351585322
0.001812134799584757
0.0018091810923376629
0.0018061993497033475
0.0018031898187475094
0.001800152759842478
0.0017970880136680611
0.0017939954083080528
0.001790875202266844
0.0017877276676423538
0.0017845526369733528
0.0017813499299009238
0.0017781198165739993
0.0017748625810401503
0.0017715780474605552
0.0017682660267791537
0.0017649268010082478
0.0017615606663827508
0.0017581674384362566
0.0017547469191447577
0.001751299402617311
0.0017478251975288864
0.0017443241105198205
0.00174079593431203
0.001737240975358583
0.0017336595550433936
0.0017300514708320496
0.0017264165058885812
0.0017227549792732772
0.0017190672253651258
0.001715353032156213
0.0017116121729303315
0.0017078449796352603
0.0017040517999489225
0.0017002324120731435
0.0016963865790704169
0.0016925146460734486
0.0016886169743816778
0.0016846933320713393
0.0016807434716224674
0.0016767677516681114
0.0016727665474727807
0.0016687396166320738
0.001664686700658288
0.0016606081720222994
0.0016565044203191229
0.001652375192285334
0.001648220218060297
0.0016440398843089595
0.0016398345953450174
0.001635604086647462
0.001631348076548905
0.0016270669662903552
0.001622761175317082
0.0016184304274257262
0.0016140744286850413
0.001609693595315467
0.0016052883623344932
0.0016008584414061243
0.001596403525848131
0.0015919240472916294
0.0015874204567947335
0.0015828924534113432
0.0015783397171897692
0.0015737626956315615
0.0015691618563352105
0.0015645368852356923
0.001559887448563288
0.0015552140101780234
0.0015505170547509028
0.0015457962545593613
0.0015410512614295803
0.001536282556101818
0.001531490640888351
0.0015266751738343854
0.0015218357917393132
0.0015169729927798578
0.0015120872975162287
0.0015071783491510018
0.0015022457687919799
0.001497290072646909
0.0014923118001728573
0.0014873105790778403
0.0014822860140719014
0.001477238640026842
0.0014721690159908139
0.0014670767534838993
0.001461961440061581
0.0014568236299395785
0.0014516639024990587
0.0014464818523321204
0.0014412770490326468
0.001436050066885902
0.00143080150640279
0.001425530944455932
0.0014202379318147022
0.0014149230636120941
0.0014095869623412915
0.0014042291863115
0.0013988492665423754
0.00139344781984925
0.0013880254916242977
0.0013825818207082623
0.001377116317380893
0.0013716296210348783
0.0013661224009468248
0.0013605941755198375
0.0013550444332304623
0.0013494738370107607
0.0013438830810831375
0.0013382716623723874
0.0013326390464098285
0.0013269859207021284
0.0013213130055599335
0.001315619775313672
0.001309905671319259
0.0013041714067738635
0.0012984177293092294
0.0012926440894607284
0.0012868499030833807
0.0012810359102682757
0.0012752028873011547
0.0012693502596282332
0.0012634774161741007
0.0012575851252229228
0.001251674193157052
0.0012457440189379712
0.0012397939630140369
0.001233824823268688
0.0012278374377432584
0.0012218311774078161
0.001215805372560744
0.0012097608522070645
0.0012036984877458214
0.0011976176205231136
0.0011915175488721212
0.00118539913457206
0.0011792632842265833
0.0011731093077886482
0.0011669364696533214
0.0011607456661706411
0.0011545378411609573
0.0011483122712632327
0.0011420681847855696
0.0011358065146061284
0.0011295282439577026
0.0011232326140758568
0.0011169188148371734
0.0011105878177823968
0.001104240647961213
0.0010978765089255404
0.0010914945495571937
0.0010850957823930966
0.0010786812769364772
0.0010722501965640546
0.0010658016463520818
0.0010593366823921297
0.0010528564215372572
0.0010463599842611766
0.0010398464287456413
0.0010333168574463221
0.0010267724377577777
0.0010202122442552876
0.001013635284822784
0.0010070427113733778
0.0010004357453683307
0.000993813412186536
0.0009871746656573777
0.0009805207105625271
0.0009738528263351233
0.0009671699855198052
0.000960471083724614
0.0009537573823779352
0.0009470302232248538
0.0009402885219459546
0.0009335311112982928
0.0009267593135503556
0.0009199745375943059
0.0009131756377737677
0.0009063613788334613
0.0008995331485484374
0.000892692428365405
0.0008858380063087919
0.0008789685733346788
0.0008720855879371995
0.0008651906101861024
0.000858282356217499
0.0008513594367105554
0.0008444233867218743
0.0008374758517775001
0.000830515469880416
0.0008235407641147069
0.0008165533526728006
0.0008095549742675553
0.000802544181735011
0.0007955194022738397
0.0007884823446375949
0.0007814348495118092
0.0007743753766050095
0.0007673022478031961
0.0007602172708410873
0.00075312239840148
0.0007460159880284845
0.0007388962455098869
0.0007317650871587521
0.0007246245891592831
0.0007174729965720903
0.0007103083866846832
0.0007031327953833533
0.0006959484356233322
0.0006887534281399423
0.0006815457073826266
0.0006743274414659905
0.000667100995519459
0.0006598643522871651
0.0006526152866932141
0.0006453561137395342
0.0006380893687221975
0.0006308128805280804
0.0006235242450005342
0.0006162259411130168
0.0006089206955045929
0.0006016061646525148
0.0005942797422343523
0.0005869440912451335
0.000579602154777014
0.0005722513950585723
0.0005648889761128771
0.0005575177686711655
0.0005501409623147854
0.0005427557991029932
0.000535359180378448
0.0005279542128826599
0.0005205443689742774
0.0005131266394942172
0.0005056976230277356
0.0004982606963539017
0.0004908196588964702
0.0004833712127518043
0.00047591160453876223
0.0004684445224481557
0.00046097414769629016
0.00045349684775657074
0.0004460084560985291
0.0004385130232117513
0.000431015180634251
0.0004235109044568882
0.00041599553783713524
0.00040847355693354113
0.0004009501307642416
0.00039342077285104316
0.000385880237078868
0.0003783335053753568
0.0003707863970456836
0.00036323387236683786
0.00035566996662937374
0.0003481002704389669
0.0003405314023974966
0.00033295765198331477
0.00032537216313568523
0.00031778126985880875
0.00031019259164850546
0.00030259959165861036
0.00029499428559389383
0.00028738393115416717
0.00027977742928857007
0.00027216720613708925
0.0002645438141675995
0.00025691568224590395
0.0002492933968053684
0.0002416680535490544
0.00023402824969832897
0.00022638393532141472
0.00021874798908487884
0.00021110975401333884
0.0002034551148835149
0.00019579605590104677
0.0001881487084837311
0.0001805000313661238
0.00017283195990711958
0.0001651592962036873
0.00015750305238906387
0.00014984681412993984
0.0001421663816728805
0.00013448063110600578
0.000126818479570533
0.0001191585123442052
0.0001114660929211927
0.00010376627990598037
0.00009610229156907709
0.00008844493296133755
0.00008073922940890985
0.0000730199406372844
0.00006536105357131504
0.000057721353957166445
0.000049996392432202125
0.00004223332123515366
0.00003459601882513026
0.000027039760720706147
0.00001928275232229053
0.000011293838838976021
4.028996165499983e-6