0.000016075739090916186
0.00004506190774256444
0.00007693493819050168
0.00010787907936407304
0.0001380174273240288
0.00016847283550938327
0.00019942210831247454
0.00023021012156958787
0.0002606475912751437
0.0002911496597756605
0.0003218790729621984
0.00035253945727127664
0.0003829910329600093
0.0004134514743370615
0.00044403552548076547
0.0004745696443034939
0.0005049528110132971
0.0005353215027524647
0.0005657593831667747
0.0005961500278771578
0.0006264171344975983
0.000656655499196228
0.0006869288024235875
0.0007171522127553871
0.0007472657304740483
0.0007773396408193187
0.0008074241387574276
0.0008374539166038993
0.0008673802645605538
0.0008972576830085635
0.0009271268304946547
0.000956935426371889
0.0009866429233485558
0.0010162929766090122
0.0010459192317735975
0.0010754786023409772
0.001104936657095442
0.00113432923079464
0.001163684643831332
0.0011929665829706227
0.0012221453369825363
0.001251250886361409
0.0012803073997052514
0.0013092837253735677
0.0013381538854658
0.001366943345629986
0.0013956729657273988
0.0014243156369398442
0.0014528483963064567
0.0014812931422291396
0.0015096680485888168
0.001537949245914266
0.0015661162497268598
0.0015941880827625987
0.001622180703972532
0.0016500728897241063
0.0016778462246658547
0.0017055173739080724
0.0017331004451258249
0.001760576411608244
0.0017879286088852927
0.001815171741169692
0.0018423183506158594
0.0018693512609740824
0.0018962553072042502
0.0019230435422693704
0.0019497271708644017
0.0019762905951286585
0.0020027199479379157
0.0020290268767155202
0.0020552214332122303
0.0020812893810573203
0.0021072179875289182
0.0021330176923142073
0.002158697545334976
0.002184244496493286
0.0022096468133169685
0.00223491388904685
0.002260053896869268
0.0022850548297689392
0.0023099058443727684
0.0023346154204850894
0.0023591909591266728
0.002383621378127007
0.0024078966303123918
0.002432024392856103
0.0024560113827848517
0.0024798473442444843
0.002503522948004115
0.0025270451617522153
0.002550420093452114
0.002573638230783949
0.002596690896078128
0.002619584426475647
0.0026423243850070576
0.0026649019328253065
0.0026873089871498664
0.0027095513219700094
0.0027316340106183887
0.002753548828031909
0.0027752882376682842
0.0027968575082803955
0.002818261271353951
0.0028394918644559283
0.0028605422553025246
0.0028814172574790913
0.002902121102290501
0.002922646645862394
0.002942987323781901
0.0029631475379831252
0.002983131156038929
0.0030029315144840018
0.0030225424851066103
0.0030419680961934225
0.003061211883602382
0.0030802676311109975
0.003099129619048804
0.0031178015353857426
0.0031362866124873857
0.0031545790524356867
0.003172673519866349
0.0031905733917736846
0.003208281621991205
0.003225792805566682
0.003243101970154004
0.0032602122076852698
0.003277126215591
0.0032938389596400518
0.0033103458117597524
0.003326649601770946
0.0033427527903639527
0.0033586506944490334
0.003374339013696813
0.0033898203361876155
0.00340509690336974
0.0034201643660302567
0.0034350187369845005
0.0034496623806857087
0.0034640973349303115
0.0034783195691336223
0.003492325396354606
0.003506116973545337
0.0035196961487447185
0.003533059196517416
0.0035462027187625087
0.0035591286792955156
0.003571838748779899
0.00358432949500803
0.0035965977986457316
0.0036086454431665037
0.0036204739328816243
0.003632080118270048
0.0036434611498756438
0.0036546186422183884
0.0036655539430527056
0.0036762641762313423
0.0036867467543513477
0.0036970031330987984
0.003707034512349392
0.0037168382811177177
0.0037264121071880494
0.003735757296380853
0.003744874908349669
0.0037537625900488387
0.003762418258455488
0.0037708430774405556
0.003779037973150799
0.0037870008441555627
0.00379472985142552
0.0038022260238320376
0.0038094901598569016
0.003816520404177859
0.0038233151572912532
0.003829875319124458
0.003836201565520636
0.0038422922825095563
0.003848146106323782
0.0038537638131684606
0.003859145960506751
0.00386429117165834
0.0038691983154355986
0.0038738680487609644
0.003878300814248489
0.0038824954690917556
0.0038864511121241064
0.003890168284684058
0.003893647317371784
0.003896887298446712
0.0038998875547711933
0.003902648515093657
0.003905170400165296
0.0039074525270789305
0.003909494449279434
0.003911296485240584
0.003912858747378241
0.003914180779937778
0.003915262362028296
0.003916103703507339
0.0039167048093316364
0.003917065449751097
0.0039171856291372945
0.003917065449751097
0.0039167048093316364
0.003916103703507339
0.003915262362028296
0.003914180779937778
0.003912858747378241
0.003911296485240584
0.003909494449279434
0.0039074525270789305
0.003905170400165296
0.003902648515093657
0.0038998875547711933
0.003896887298446712
0.003893647317371784
0.003890168284684058
0.0038864511121241064
0.0038824954690917556
0.003878300814248489
0.0038738680487609644
0.0038691983154355986
0.00386429117165834
0.003859145960506751
0.0038537638131684606
0.003848146106323782
0.0038422922825095563
0.003836201565520636
0.003829875319124458
0.0038233151572912532
0.003816520404177859
0.0038094901598569016
0.0038022260238320376
0.00379472985142552
0.0037870008441555627
0.003779037973150799
0.0037708430774405556
0.003762418258455488
0.0037537625900488387
0.003744874908349669
0.003735757296380853
0.0037264121071880494
0.0037168382811177177
0.003707034512349392
0.0036970031330987984
0.0036867467543513477
0.0036762641762313423
0.0036655539430527056
0.0036546186422183884
0.0036434611498756438
0.003632080118270048
0.0036204739328816243
0.0036086454431665037
0.0035965977986457316
0.00358432949500803
0.003571838748779899
0.0035591286792955156
0.0035462027187625087
0.003533059196517416
0.0035196961487447185
0.003506116973545337
0.003492325396354606
0.0034783195691336223
0.0034640973349303115
0.0034496623806857087
0.0034350187369845005
0.0034201643660302567
0.00340509690336974
0.0033898203361876155
0.003374339013696813
0.0033586506944490334
0.0033427527903639527
0.003326649601770946
0.0033103458117597524
0.0032938389596400518
0.003277126215591
0.0032602122076852698
0.003243101970154004
0.003225792805566682
0.003208281621991205
0.0031905733917736846
0.003172673519866349
0.0031545790524356867
0.0031362866124873857
0.0031178015353857426
0.003099129619048804
0.0030802676311109975
0.003061211883602382
0.0030419680961934225
0.0030225424851066103
0.0030029315144840018
0.002983131156038929
0.0029631475379831252
0.002942987323781901
0.002922646645862394
0.002902121102290501
0.0028814172574790913
0.0028605422553025246
0.0028394918644559283
0.002818261271353951
0.0027968575082803955
0.0027752882376682842
0.002753548828031909
0.0027316340106183887
0.0027095513219700094
0.0026873089871498664
0.0026649019328253065
0.0026423243850070576
0.002619584426475647
0.002596690896078128
0.002573638230783949
0.002550420093452114
0.0025270451617522153
0.002503522948004115
0.0024798473442444843
0.0024560113827848517
0.002432024392856103
0.0024078966303123918
0.002383621378127007
0.0023591909591266728
0.0023346154204850894
0.0023099058443727684
0.0022850548297689392
0.002260053896869268
0.00223491388904685
0.0022096468133169685
0.002184244496493286
0.002158697545334976
0.0021330176923142073
0.0021072179875289182
0.0020812893810573203
0.0020552214332122303
0.0020290268767155202
0.0020027199479379157
0.0019762905951286585
0.0019497271708644017
0.0019230435422693704
0.0018962553072042502
0.0018693512609740824
0.0018423183506158594
0.001815171741169692
0.0017879286088852927
0.001760576411608244
0.0017331004451258249
0.0017055173739080724
0.0016778462246658547
0.0016500728897241063
0.001622180703972532
0.0015941880827625987
0.0015661162497268598
0.001537949245914266
0.0015096680485888168
0.0014812931422291396
0.0014528483963064567
0.0014243156369398442
0.0013956729657273988
0.001366943345629986
0.0013381538854658
0.0013092837253735677
0.0012803073997052514
0.001251250886361409
0.0012221453369825363
0.0011929665829706227
0.001163684643831332
0.00113432923079464
0.001104936657095442
0.0010754786023409772
0.0010459192317735975
0.0010162929766090122
0.0009866429233485558
0.000956935426371889
0.0009271268304946547
0.0008972576830085635
0.0008673802645605538
0.0008374539166038993
0.0008074241387574276
0.0007773396408193187
0.0007472657304740483
0.0007171522127553871
0.0006869288024235875
0.000656655499196228
0.0006264171344975983
0.0005961500278771578
0.0005657593831667747
0.0005353215027524647
0.0005049528110132971
0.0004745696443034939
0.00044403552548076547
0.0004134514743370615
0.0003829910329600093
0.00035253945727127664
0.0003218790729621984
0.0002911496597756605
0.0002606475912751437
0.00023021012156958787
0.00019942210831247454
0.00016847283550938327
0.0001380174273240288
0.00010787907936407304
0.00007693493819050168
0.00004506190774256444
0.000016075739090916186