1.0085089854927718e-6
2.8270015432952346e-6
4.8267725281088314e-6
6.768551184408074e-6
8.660154964115951e-6
0.00001057214440769659
0.00001251574050079508
0.000014449942066972786
0.00001636296434218617
0.000018280977734520565
0.000020214325455129006
0.000022144506039316916
0.000024062835886387638
0.000025983102296206613
0.000027912640646519707
0.000029840650328037802
0.00003176087527401817
0.00003368201272693254
0.00003560945121625751
0.000037535969091821614
0.00003945685718574908
0.00004137820094944099
0.00004330413787169224
0.000045229424281240976
0.000047150370184047784
0.000049071525925296035
0.000050996185184699116
0.0000529203253625098
0.00005484096123754478
0.00005676165509221124
0.000058685104265832206
0.0000606080997667071
0.0000625281649748894
0.00006444818371060507
0.00006637041502862918
0.00006829222314417713
0.00007021151167231976
0.00007213067545583718
0.00007405164094102203
0.00007597219367817819
0.00007789052993352726
0.00007980867869071197
0.00008172830718241719
0.00008364752120795339
0.00008556474774034915
0.00008748173372269665
0.00008939993991632788
0.00009131772212998623
0.00009323369292170322
0.0000951493764780874
0.00009706606598142377
0.00009898231681059505
0.00010089689338934336
0.00010281114037107994
0.00010472621275707396
0.00010664082821182168
0.00010855387727115389
0.00011046655739815065
0.00011237990810787173
0.00011429278110090993
0.00011620417299586546
0.00011811515880720335
0.00012002668036662524
0.00012193770160570192
0.00012384730935340466
0.00012575647548791454
0.00012766605833707033
0.00012957511692002075
0.0001314828155422152
0.00013339003823798073
0.0001352975713072514
0.00013720455515564884
0.00013911022120933705
0.00014101537796423294
0.000142920749068923
0.00014482554523432753
0.0001467290564863854
0.00014863202580169788
0.00015053512194038567
0.00015243761683038232
0.00015433885202294242
0.0001562395132273216
0.00015814022079150268
0.00016004030034090985
0.00016193913901844367
0.00016383737213229211
0.00016573557706994304
0.00016763312687461892
0.0001695294492530429
0.00017142513488288154
0.00017332072282825808
0.0001752156282421128
0.00017710931511783696
0.00017900233438676946
0.00018089519075147154
0.0001827873369698994
0.0001846782696446395
0.00018656850413233974
0.00018845851418498465
0.00019034778630298399
0.0001922358465354171
0.00019412317823697302
0.00019601022716271837
0.00019789651023607955
0.00019978158019154433
0.0002016658914803399
0.00020354986443534722
0.00020543304351718493
0.00020731500574280778
0.00020919617934648795
0.00021107696149862536
0.0002129569216790531
0.00021483565907635637
0.00021671357806190642
0.00021859105462176823
0.0002204676810599026
0.0002223430768654522
0.0002242176246190281
0.00022609168087581744
0.00022796485882122392
0.00022983679659821326
0.0002317078568185709
0.00023357837816203217
0.00023544799298131378
0.0002373163566061933
0.00023918381329348374
0.00024105068524023956
0.00024291662243821594
0.0002447812960929197
0.0002466450335475985
0.0002485081417571662
0.00025037028699192147
0.00025223115516237037
0.00025409105798223855
0.00025595028827473624
0.00025780852737879574
0.0002596654748473395
0.0002615214279235158
0.0002633766662983169
0.0002652308852876587
0.0002670837971377654
0.00026893568565246713
0.0002707868183049267
0.0002726369033954661
0.00027448566500899436
0.00027633337444353117
0.00027818028777140376
0.0002800261253956018
0.0002818706224499402
0.00028371403858106663
0.00028555661920246715
0.0002873980960132115
0.0002892382144912285
0.0002910772233956288
0.0002929153581588027
0.00029475236104657974
0.00029658798723322254
0.0002984224752866879
0.00030025605128500537
0.00030208846738843183
0.0003039194878740219
0.00030574934176258613
0.00030757824633751313
0.0003094059630490355
0.0003112322647373488
0.0003130573714557601
0.00031488149221246576
0.00031670439719165
0.00031852586730039763
0.0003203461141558267
0.0003221653389734502
0.0003239833201573312
0.000325799846221611
0.0003276151208424324
0.0003294293378792575
0.0003312422834864415
0.00033305375336833916
0.0003348639437062674
0.0003366730414114846
0.0003384808399575144
0.0003402871418444718
0.00034209213618051305
0.0003438960033021207
0.00034569854360160917
0.00034749956601799737
0.00034929925296955526
0.0003510977785610324
0.00035289494973913
0.000354690581548416
0.00035648485007011566
0.0003582779235033715
0.00036006961500428326
0.0003618597454141466
0.00036364848480765425
0.0003654359957769021
0.0003672220973705327
0.00036900661593982525
0.0003707897158578677
0.0003725715543892492
0.00037435195618112666
0.0003761307528235155
0.00037790810327703643
0.00037968415973508495
0.00038145875216991424
0.0003832317171638095
0.00038500320852631923
0.00038677337362317903
0.0003885420474959561
0.0003903090714869147
0.00039207459450252177
0.0003938387593034216
0.00039560140576512623
0.0003973623797735741
0.00039912182555971434
0.00040087988149370017
0.00040263639206180284
0.00040439120748594014
0.0004061444675421298
0.0004078963064067416
0.00040964657296683836
0.0004113951215943536
0.0004131420878078187
0.0004148876017768158
0.0004166315165953475
0.00041837369060402106
0.0004201142552562728
0.0004218533368863807
0.00042359079261449785
0.0004253264845815795
0.0004270605403531735
0.0004287930825926096
0.00043052397227397974
0.00043225307518160363
0.00043398051515926544
0.0004357064113538202
0.0004374306284326296
0.0004391530356729947
0.00044087375335599965
0.0004425928972558307
0.00044431033558164993
0.00044602594096527246
0.00044773983027115625
0.0004494521160381858
0.00045116266987396415
0.00045287136763474684
0.0004545783229056562
0.00045628364512030503
0.00045798720915060556
0.0004596888939506376
0.000461388809959334
0.0004630870636275082
0.00046478353296339745
0.00046647809990101665
0.0004681708718588252
0.0004698619524169404
0.0004715512226025109
0.0004732385672187065
0.00047492409077851946
0.00047660789410340073
0.0004782898611244549
0.0004799698794070627
0.000481648050672471
0.0004833244730850631
0.00048499903337211633
0.0004866716217656102
0.0004883423372957169
0.0004900112755690632
0.0004916783260085429
0.0004933433814155935
0.0004950065382314149
0.0004966678895970116
0.0004983273275351247
0.0004999847473254194
0.0005016402429161231
0.0005032939050703452
0.0005049456283189526
0.0005065953103359933
0.0005082430426652426
0.0005098889137756228
0.0005115328206196721
0.0005131746631859021
0.0005148145306977556
0.0005164525094096501
0.0005180884986143688
0.000519722400536518
0.0005213543021609212
0.0005229842876045346
0.0005246122584204689
0.0005262381189969755
0.0005278619541574601
0.000529483845952566
0.0005311036981220695
0.0005327214171490158
0.000534337085767639
0.0005359507840310397
0.0005375624177960154
0.0005391718955717094
0.0005407792980744675
0.0005423847034268999
0.0005439880195327551
0.0005455891568660818
0.0005471881941914836
0.0005487852077613073
0.0005503801074647513
0.0005519728056795861
0.0005535633792817887
0.0005551519027140408
0.000556738287789082
0.0005583224487304571
0.000559904460586776
0.0005614843960478038
0.0005630621687915789
0.0005646376948319521
0.0005662110474477761
0.0005677822976323743
0.0005693513608707888
0.0005709181549164379
0.000572482751333396
0.0005740452194686558
0.0005756054765633534
0.0005771634420593673
0.0005787191858585099
0.0005802727757125721
0.0005818241305669642
0.0005833731715031152
0.0005849199668128108
0.0005864645826988384
0.0005880069397628904
0.0005895469606806892
0.0005910847121809403
0.0005926202589645937
0.0005941535232419525
0.0005956844292392797
0.0005972130421690101
0.0005987394252729252
0.0006002635023260237
0.0006017851990637213
0.0006033045792254597
0.0006048217046361904
0.0006063365005935227
0.0006078488942997601
0.0006093589480654072
0.0006108667223392836
0.0006123721438998364
0.0006138751413772232
0.0006153757756940775
0.0006168741059626964
0.0006183700604011506
0.0006198635690330351
0.0006213546914306549
0.0006228434854054759
0.0006243298805800257
0.0006258138083340832
0.0006272953269276887
0.000628774492908012
0.0006302512372654879
0.0006317254926999532
0.0006331973161975006
0.0006346667630747007
0.0006361337656542167
0.0006375982579255103
0.0006390602956331666
0.0006405199328964623
0.0006419771033377145
0.0006434317422033282
0.0006448839040307394
0.0006463336417730887
0.0006477808903204984
0.0006492255861460023
0.0006506677826118632
0.0006521075315354845
0.0006535447690440354
0.0006549794328082697
0.0006564115750454436
0.0006578412464677024
0.0006592683844087687
0.0006606929277090069
0.000662114927470666
0.0006635344333288799
0.0006649513837955477
0.0006663657188530672
0.0006677774885177948
0.000669186741374994
0.0006705934170872358
0.0006719974567529693
0.0006733989093306573
0.0006747978223804732
0.0006761941366909179
0.0006775877944504311
0.0006789788435860997
0.0006803673306596508
0.000681753197558314
0.0006831363875377274
0.0006845169475184209
0.0006858949230880496
0.000687270257208327
0.0006886428941789356
0.0006900128799385158
0.0006913802591235341
0.0006927449757476737
0.000694106975130978
0.0006954663022545821
0.0006968230008273
0.0006981770158904103
0.0006995282937645175
0.0007008768784950193
0.0007022228128846586
0.0007035660429818178
0.0007049065160847063
0.0007062442753267081
0.0007075793626257412
0.0007089117250148786
0.0007102413107517709
0.0007115681620777154
0.000712892320045948
0.0007142137326554374
0.000715532349101398
0.0007168482107557594
0.0007181613578263147
0.0007194717392575494
0.0007207793051650118
0.0007220840960695354
0.000723386151353656
0.0007246854208879519
0.0007259818556898446
0.0007272754954491901
0.0007285663787405906
0.0007298544563430533
0.0007311396801588311
0.0007324220890642991
0.0007337017208453272
0.0007349785271709516
0.0007362524608104025
0.0007375235598459324
0.000738791861291367
0.0007400573176883577
0.0007413198826580134
0.0007425795935048376
0.0007438364864869811
0.0007450905150031759
0.0007463416335095786
0.000747589878550314
0.0007488352856445256
0.000750077809031247
0.0007513174039866996
0.0007525541063110507
0.0007537879507995952
0.0007550188925165399
0.0007562468875437099
0.0007574719709523721
0.0007586941768299954
0.0007599134610506586
0.0007611297804865805
0.0007623431694968367
0.000763553661474529
0.0007647612130896497
0.0007659657819916206
0.0007671674018411993
0.000768366105351636
0.0007695618499749774
0.0007707545941240157
0.0007719443707758478
0.0007731312119778322
0.0007743150759499391
0.0007754959218561758
0.0007766737820033017
0.0007778486877859527
0.0007790205981794815
0.0007801894730859076
0.000781355344155543
0.0007825182421432793
0.0007836781267671579
0.00078483495865443
0.0007859887688125696
0.0007871395873694149
0.0007882873747726874
0.000789432092364163
0.0007905737705202411
0.000791712438754004
0.0007928480582310662
0.0007939805909963878
0.0007951100668076448
0.0007962365145743027
0.0007973598961690669
0.0007984801743286599
0.000799597378204018
0.0008007115361125042
0.0008018226106227045
0.0008029305651521091
0.0008040354282567595
0.0008051372276729236
0.0008062359266539875
0.0008073314892884947
0.0008084239435480214
0.0008095133165989851
0.0008105995723688588
0.0008116826756070995
0.0008127626537118836
0.0008138395332900148
0.0008149132789330928
0.0008159838560414488
0.0008170512914508092
0.0008181156112178512
0.0008191767805888514
0.0008202347656058091
0.0008212895925513987
0.0008223412869432598
0.0008233898146717425
0.0008244351424115095
0.0008254772959027414
0.0008265163001321759
0.0008275521216263869
0.000828584727683099
0.0008296141435095394
0.0008306403935717358
0.0008316634450224735
0.0008326832657742651
0.0008336998805108082
0.0008347133131861223
0.0008357235315705401
0.0008367305041835938
0.00083773425519396
0.0008387348080522195
0.0008397321311382517
0.0008407261935701367
0.0008417170190106707
0.0008427046304150625
0.0008436889967648472
0.0008446700877687476
0.0008456479265919735
0.0008466225357031242
0.0008475938846768768
0.0008485619438052673
0.0008495267357642044
0.0008504882825433528
0.0008514465543032881
0.000852401521911494
0.0008533532075630841
0.0008543016327760632
0.0008552467682897192
0.0008561885855399231
0.0008571271062483072
0.0008580623514696194
0.0008589942925137631
0.0008599229013783769
0.0008608481993191802
0.0008617702069348596
0.0008626888960991346
0.0008636042393643244
0.0008645162575280751
0.0008654249707394317
0.0008663303514293746
0.0008672323726990859
0.0008681310548943788
0.0008690264177218189
0.000869918434163424
0.0008708070778617909
0.00087169236871876
0.0008725743260052477
0.0008734529232471994
0.0008743281346231657
0.0008751999795973545
0.0008760684770113222
0.0008769336009290022
0.0008777953260590724
0.0008786536714344254
0.000879508655473517
0.000880360252772446
0.0008812084385639143
0.0008820532314560161
0.0008828946494504272
0.0008837326676692928
0.0008845672618637494
0.0008853984502233252
0.0008862262503388263
0.000887050637852785
0.0008878715890292772
0.0008886891216453596
0.0008895032528865298
0.0008903139589103072
0.0008911212164885786
0.0008919250429914572
0.0008927254552050109
0.0008935224297961734
0.0008943159440396545
0.0008951060149042911
0.0008958926587818755
0.0008966758528440306
0.0008974555748627594
0.0008982318414115959
0.0008990046684930722
0.0008997740337783802
0.0009005399155325317
0.00090130232993836
0.0009020612926149049
0.0009028167817276625
0.0009035687760299121
0.0009043172913192933
0.0009050623428358563
0.0009058039092350242
0.0009065419697538412
0.0009072765398095346
0.0009080076342682074
0.0009087352322705432
0.0009094593135327556
0.0009101798930967709
0.000910896985459386
0.0009116105702419569
0.0009123206276358833
0.0009130271723123568
0.0009137302184031654
0.0009144297460064117
0.0009151257357843084
0.0009158182020419736
0.0009165071585506685
0.000917192585881021
0.0009178744651618325
0.0009185528103367681
0.000919227634821046
0.000919898919653379
0.0009205666464256329
0.0009212308287241064
0.0009218914796120717
0.0009225485805925321
0.0009232021137166651
0.0009238520922176092
0.0009244985288104697
0.000925141405458913
0.0009257807046699143
0.0009264164393273385
0.0009270486218019791
0.0009276772345146043
0.0009283022604243879
0.0009289237120698089
0.0009295416014813063
0.0009301559115331487
0.0009307666256328811
0.0009313737559779576
0.0009319773142617603
0.0009325772838085691
0.0009331736484715909
0.0009337664201102705
0.0009343556100847311
0.0009349412021659475
0.0009355231806494252
0.0009361015570602775
0.0009366763424289374
0.0009372475209697261
0.0009378150774171635
0.0009383790229658098
0.0009389393683194518
0.0009394960981326696
0.0009400491975763725
0.0009405986775175083
0.0009411445483365066
0.0009416867951252365
0.0009422254034880917
0.0009427603839676846
0.0009432917466240809
0.0009438194769836308
0.0009443435610813439
0.0009448640091386449
0.00094538083089828
0.0009458940123181657
0.0009464035398613505
0.0009469094234310745
0.000947411672455463
0.0009479102733215081
0.0009484052129176082
0.0009488965008316606
0.0009493841461802128
0.0009498681357764101
0.0009503484569316805
0.0009508251189214051
0.0009512981305529997
0.000951767479063525
0.0009522331521848261
0.0009526951588826254
0.0009531535076576892
0.0009536081861685692
0.000954059182565346
0.0009545065055064739
0.0009549501631888098
0.0009553901436898469
0.0009558264355757529
0.0009562590472003242
0.0009566879864585855
0.0009571132418450421
0.0009575348023396937
0.0009579526759940809
0.0009583668704037598
0.0009587773744779572
0.0009591841776086613
0.0009595872875472655
0.0009599867115922003
0.0009603824390653408
0.0009607744597684726
0.0009611627811553796
0.0009615474102292479
0.0009619283367226211
0.0009623055508455327
0.0009626790597558481
0.000963048870163885
0.0009634149722108138
0.0009637773565128897
0.0009641360299344994
0.0009644909988946578
0.0009648422539415158
0.000965189786096007
0.0009655336019307413
0.0009658737075753527
0.000966210093983261
0.0009665427525783885
0.0009668716896434736
0.0009671969110205166
0.000967518408066525
0.0009678361726068948
0.0009681502106362932
0.0009684605277106429
0.000968767115589073
0.0009690699664969436
0.000969369086142494
0.0009696644797972475
0.0009699561396208809
0.000970244058237342
0.0009705282410700244
0.0009708086931076469
0.0009710854069088904
0.0009713583754950286
0.0009716276040061918
0.0009718930971495074
0.000972154847881487
0.0009724128496195111
0.0009726671072217294
0.0009729176251152154
0.0009731643966528767
0.0009734074156470771
0.0009736466866754296
0.0009738822138859937
0.0009741139910271092
0.0009743420123048477
0.000974566282017655
0.0009747868040357494
0.0009750035725017462
0.000975216582014472
0.0009754258365942854
0.000975631339834795
0.0009758330862717139
0.0009760310708957483
0.0009762252974502707
0.0009764157692532493
0.000976602481232542
0.0009767854287699089
0.000976964615332716
0.000977140043964235
0.000977311709983589
0.0009774796091627143
0.0009776437446940248
0.000977804119346847
0.0009779607288308559
0.0009781135693073357
0.0009782626436946374
0.0009784079544889795
0.0009785494977897213
0.0009786872701469278
0.0009788212742056696
0.0009789515121897212
0.0009790779805874926
0.0009792006763371666
0.0009793196018112375
0.000979434758961751
0.0009795461446654675
0.0009796537562482457
0.0009797575958106236
0.0009798576650333962
0.0009799539611811462
0.0009800464819669798
0.0009801352292200395
0.0009802202043503363
0.0009803014050098495
0.000980378829298448
0.0009804524787743987
0.0009805223545774
0.0009805884547463102
0.000980650777767505
0.0009807093249287772
0.000980764097099793
0.0009808150927060385
0.000980862310620039
0.0009809057518595427
0.0009809454170243812
0.0009809813049263141
0.0009810134148239497
0.0009810417474652251
0.0009810663031803765
0.000981087081167056
0.0009811040810701666
0.0009811173033674211
0.0009811267481204058
0.0009811324149095486
0.0009811343037729274
0.0009811324149095486
0.0009811267481204058
0.0009811173033674211
0.0009811040810701666
0.000981087081167056
0.0009810663031803765
0.0009810417474652251
0.0009810134148239497
0.0009809813049263141
0.0009809454170243812
0.0009809057518595427
0.000980862310620039
0.0009808150927060385
0.000980764097099793
0.0009807093249287772
0.000980650777767505
0.0009805884547463102
0.0009805223545774
0.0009804524787743987
0.000980378829298448
0.0009803014050098495
0.0009802202043503363
0.0009801352292200395
0.0009800464819669798
0.0009799539611811462
0.0009798576650333962
0.0009797575958106236
0.0009796537562482457
0.0009795461446654675
0.000979434758961751
0.0009793196018112375
0.0009792006763371666
0.0009790779805874926
0.0009789515121897212
0.0009788212742056696
0.0009786872701469278
0.0009785494977897213
0.0009784079544889795
0.0009782626436946374
0.0009781135693073357
0.0009779607288308559
0.000977804119346847
0.0009776437446940248
0.0009774796091627143
0.000977311709983589
0.000977140043964235
0.000976964615332716
0.0009767854287699089
0.000976602481232542
0.0009764157692532493
0.0009762252974502707
0.0009760310708957483
0.0009758330862717139
0.000975631339834795
0.0009754258365942854
0.000975216582014472
0.0009750035725017462
0.0009747868040357494
0.000974566282017655
0.0009743420123048477
0.0009741139910271092
0.0009738822138859937
0.0009736466866754296
0.0009734074156470771
0.0009731643966528767
0.0009729176251152154
0.0009726671072217294
0.0009724128496195111
0.000972154847881487
0.0009718930971495074
0.0009716276040061918
0.0009713583754950286
0.0009710854069088904
0.0009708086931076469
0.0009705282410700244
0.000970244058237342
0.0009699561396208809
0.0009696644797972475
0.000969369086142494
0.0009690699664969436
0.000968767115589073
0.0009684605277106429
0.0009681502106362932
0.0009678361726068948
0.000967518408066525
0.0009671969110205166
0.0009668716896434736
0.0009665427525783885
0.000966210093983261
0.0009658737075753527
0.0009655336019307413
0.000965189786096007
0.0009648422539415158
0.0009644909988946578
0.0009641360299344994
0.0009637773565128897
0.0009634149722108138
0.000963048870163885
0.0009626790597558481
0.0009623055508455327
0.0009619283367226211
0.0009615474102292479
0.0009611627811553796
0.0009607744597684726
0.0009603824390653408
0.0009599867115922003
0.0009595872875472655
0.0009591841776086613
0.0009587773744779572
0.0009583668704037598
0.0009579526759940809
0.0009575348023396937
0.0009571132418450421
0.0009566879864585855
0.0009562590472003242
0.0009558264355757529
0.0009553901436898469
0.0009549501631888098
0.0009545065055064739
0.000954059182565346
0.0009536081861685692
0.0009531535076576892
0.0009526951588826254
0.0009522331521848261
0.000951767479063525
0.0009512981305529997
0.0009508251189214051
0.0009503484569316805
0.0009498681357764101
0.0009493841461802128
0.0009488965008316606
0.0009484052129176082
0.0009479102733215081
0.000947411672455463
0.0009469094234310745
0.0009464035398613505
0.0009458940123181657
0.00094538083089828
0.0009448640091386449
0.0009443435610813439
0.0009438194769836308
0.0009432917466240809
0.0009427603839676846
0.0009422254034880917
0.0009416867951252365
0.0009411445483365066
0.0009405986775175083
0.0009400491975763725
0.0009394960981326696
0.0009389393683194518
0.0009383790229658098
0.0009378150774171635
0.0009372475209697261
0.0009366763424289374
0.0009361015570602775
0.0009355231806494252
0.0009349412021659475
0.0009343556100847311
0.0009337664201102705
0.0009331736484715909
0.0009325772838085691
0.0009319773142617603
0.0009313737559779576
0.0009307666256328811
0.0009301559115331487
0.0009295416014813063
0.0009289237120698089
0.0009283022604243879
0.0009276772345146043
0.0009270486218019791
0.0009264164393273385
0.0009257807046699143
0.000925141405458913
0.0009244985288104697
0.0009238520922176092
0.0009232021137166651
0.0009225485805925321
0.0009218914796120717
0.0009212308287241064
0.0009205666464256329
0.000919898919653379
0.000919227634821046
0.0009185528103367681
0.0009178744651618325
0.000917192585881021
0.0009165071585506685
0.0009158182020419736
0.0009151257357843084
0.0009144297460064117
0.0009137302184031654
0.0009130271723123568
0.0009123206276358833
0.0009116105702419569
0.000910896985459386
0.0009101798930967709
0.0009094593135327556
0.0009087352322705432
0.0009080076342682074
0.0009072765398095346
0.0009065419697538412
0.0009058039092350242
0.0009050623428358563
0.0009043172913192933
0.0009035687760299121
0.0009028167817276625
0.0009020612926149049
0.00090130232993836
0.0009005399155325317
0.0008997740337783802
0.0008990046684930722
0.0008982318414115959
0.0008974555748627594
0.0008966758528440306
0.0008958926587818755
0.0008951060149042911
0.0008943159440396545
0.0008935224297961734
0.0008927254552050109
0.0008919250429914572
0.0008911212164885786
0.0008903139589103072
0.0008895032528865298
0.0008886891216453596
0.0008878715890292772
0.000887050637852785
0.0008862262503388263
0.0008853984502233252
0.0008845672618637494
0.0008837326676692928
0.0008828946494504272
0.0008820532314560161
0.0008812084385639143
0.000880360252772446
0.000879508655473517
0.0008786536714344254
0.0008777953260590724
0.0008769336009290022
0.0008760684770113222
0.0008751999795973545
0.0008743281346231657
0.0008734529232471994
0.0008725743260052477
0.00087169236871876
0.0008708070778617909
0.000869918434163424
0.0008690264177218189
0.0008681310548943788
0.0008672323726990859
0.0008663303514293746
0.0008654249707394317
0.0008645162575280751
0.0008636042393643244
0.0008626888960991346
0.0008617702069348596
0.0008608481993191802
0.0008599229013783769
0.0008589942925137631
0.0008580623514696194
0.0008571271062483072
0.0008561885855399231
0.0008552467682897192
0.0008543016327760632
0.0008533532075630841
0.000852401521911494
0.0008514465543032881
0.0008504882825433528
0.0008495267357642044
0.0008485619438052673
0.0008475938846768768
0.0008466225357031242
0.0008456479265919735
0.0008446700877687476
0.0008436889967648472
0.0008427046304150625
0.0008417170190106707
0.0008407261935701367
0.0008397321311382517
0.0008387348080522195
0.00083773425519396
0.0008367305041835938
0.0008357235315705401
0.0008347133131861223
0.0008336998805108082
0.0008326832657742651
0.0008316634450224735
0.0008306403935717358
0.0008296141435095394
0.000828584727683099
0.0008275521216263869
0.0008265163001321759
0.0008254772959027414
0.0008244351424115095
0.0008233898146717425
0.0008223412869432598
0.0008212895925513987
0.0008202347656058091
0.0008191767805888514
0.0008181156112178512
0.0008170512914508092
0.0008159838560414488
0.0008149132789330928
0.0008138395332900148
0.0008127626537118836
0.0008116826756070995
0.0008105995723688588
0.0008095133165989851
0.0008084239435480214
0.0008073314892884947
0.0008062359266539875
0.0008051372276729236
0.0008040354282567595
0.0008029305651521091
0.0008018226106227045
0.0008007115361125042
0.000799597378204018
0.0007984801743286599
0.0007973598961690669
0.0007962365145743027
0.0007951100668076448
0.0007939805909963878
0.0007928480582310662
0.000791712438754004
0.0007905737705202411
0.000789432092364163
0.0007882873747726874
0.0007871395873694149
0.0007859887688125696
0.00078483495865443
0.0007836781267671579
0.0007825182421432793
0.000781355344155543
0.0007801894730859076
0.0007790205981794815
0.0007778486877859527
0.0007766737820033017
0.0007754959218561758
0.0007743150759499391
0.0007731312119778322
0.0007719443707758478
0.0007707545941240157
0.0007695618499749774
0.000768366105351636
0.0007671674018411993
0.0007659657819916206
0.0007647612130896497
0.000763553661474529
0.0007623431694968367
0.0007611297804865805
0.0007599134610506586
0.0007586941768299954
0.0007574719709523721
0.0007562468875437099
0.0007550188925165399
0.0007537879507995952
0.0007525541063110507
0.0007513174039866996
0.000750077809031247
0.0007488352856445256
0.000747589878550314
0.0007463416335095786
0.0007450905150031759
0.0007438364864869811
0.0007425795935048376
0.0007413198826580134
0.0007400573176883577
0.000738791861291367
0.0007375235598459324
0.0007362524608104025
0.0007349785271709516
0.0007337017208453272
0.0007324220890642991
0.0007311396801588311
0.0007298544563430533
0.0007285663787405906
0.0007272754954491901
0.0007259818556898446
0.0007246854208879519
0.000723386151353656
0.0007220840960695354
0.0007207793051650118
0.0007194717392575494
0.0007181613578263147
0.0007168482107557594
0.000715532349101398
0.0007142137326554374
0.000712892320045948
0.0007115681620777154
0.0007102413107517709
0.0007089117250148786
0.0007075793626257412
0.0007062442753267081
0.0007049065160847063
0.0007035660429818178
0.0007022228128846586
0.0007008768784950193
0.0006995282937645175
0.0006981770158904103
0.0006968230008273
0.0006954663022545821
0.000694106975130978
0.0006927449757476737
0.0006913802591235341
0.0006900128799385158
0.0006886428941789356
0.000687270257208327
0.0006858949230880496
0.0006845169475184209
0.0006831363875377274
0.000681753197558314
0.0006803673306596508
0.0006789788435860997
0.0006775877944504311
0.0006761941366909179
0.0006747978223804732
0.0006733989093306573
0.0006719974567529693
0.0006705934170872358
0.000669186741374994
0.0006677774885177948
0.0006663657188530672
0.0006649513837955477
0.0006635344333288799
0.000662114927470666
0.0006606929277090069
0.0006592683844087687
0.0006578412464677024
0.0006564115750454436
0.0006549794328082697
0.0006535447690440354
0.0006521075315354845
0.0006506677826118632
0.0006492255861460023
0.0006477808903204984
0.0006463336417730887
0.0006448839040307394
0.0006434317422033282
0.0006419771033377145
0.0006405199328964623
0.0006390602956331666
0.0006375982579255103
0.0006361337656542167
0.0006346667630747007
0.0006331973161975006
0.0006317254926999532
0.0006302512372654879
0.000628774492908012
0.0006272953269276887
0.0006258138083340832
0.0006243298805800257
0.0006228434854054759
0.0006213546914306549
0.0006198635690330351
0.0006183700604011506
0.0006168741059626964
0.0006153757756940775
0.0006138751413772232
0.0006123721438998364
0.0006108667223392836
0.0006093589480654072
0.0006078488942997601
0.0006063365005935227
0.0006048217046361904
0.0006033045792254597
0.0006017851990637213
0.0006002635023260237
0.0005987394252729252
0.0005972130421690101
0.0005956844292392797
0.0005941535232419525
0.0005926202589645937
0.0005910847121809403
0.0005895469606806892
0.0005880069397628904
0.0005864645826988384
0.0005849199668128108
0.0005833731715031152
0.0005818241305669642
0.0005802727757125721
0.0005787191858585099
0.0005771634420593673
0.0005756054765633534
0.0005740452194686558
0.000572482751333396
0.0005709181549164379
0.0005693513608707888
0.0005677822976323743
0.0005662110474477761
0.0005646376948319521
0.0005630621687915789
0.0005614843960478038
0.000559904460586776
0.0005583224487304571
0.000556738287789082
0.0005551519027140408
0.0005535633792817887
0.0005519728056795861
0.0005503801074647513
0.0005487852077613073
0.0005471881941914836
0.0005455891568660818
0.0005439880195327551
0.0005423847034268999
0.0005407792980744675
0.0005391718955717094
0.0005375624177960154
0.0005359507840310397
0.000534337085767639
0.0005327214171490158
0.0005311036981220695
0.000529483845952566
0.0005278619541574601
0.0005262381189969755
0.0005246122584204689
0.0005229842876045346
0.0005213543021609212
0.000519722400536518
0.0005180884986143688
0.0005164525094096501
0.0005148145306977556
0.0005131746631859021
0.0005115328206196721
0.0005098889137756228
0.0005082430426652426
0.0005065953103359933
0.0005049456283189526
0.0005032939050703452
0.0005016402429161231
0.0004999847473254194
0.0004983273275351247
0.0004966678895970116
0.0004950065382314149
0.0004933433814155935
0.0004916783260085429
0.0004900112755690632
0.0004883423372957169
0.0004866716217656102
0.00048499903337211633
0.0004833244730850631
0.000481648050672471
0.0004799698794070627
0.0004782898611244549
0.00047660789410340073
0.00047492409077851946
0.0004732385672187065
0.0004715512226025109
0.0004698619524169404
0.0004681708718588252
0.00046647809990101665
0.00046478353296339745
0.0004630870636275082
0.000461388809959334
0.0004596888939506376
0.00045798720915060556
0.00045628364512030503
0.0004545783229056562
0.00045287136763474684
0.00045116266987396415
0.0004494521160381858
0.00044773983027115625
0.00044602594096527246
0.00044431033558164993
0.0004425928972558307
0.00044087375335599965
0.0004391530356729947
0.0004374306284326296
0.0004357064113538202
0.00043398051515926544
0.00043225307518160363
0.00043052397227397974
0.0004287930825926096
0.0004270605403531735
0.0004253264845815795
0.00042359079261449785
0.0004218533368863807
0.0004201142552562728
0.00041837369060402106
0.0004166315165953475
0.0004148876017768158
0.0004131420878078187
0.0004113951215943536
0.00040964657296683836
0.0004078963064067416
0.0004061444675421298
0.00040439120748594014
0.00040263639206180284
0.00040087988149370017
0.00039912182555971434
0.0003973623797735741
0.00039560140576512623
0.0003938387593034216
0.00039207459450252177
0.0003903090714869147
0.0003885420474959561
0.00038677337362317903
0.00038500320852631923
0.0003832317171638095
0.00038145875216991424
0.00037968415973508495
0.00037790810327703643
0.0003761307528235155
0.00037435195618112666
0.0003725715543892492
0.0003707897158578677
0.00036900661593982525
0.0003672220973705327
0.0003654359957769021
0.00036364848480765425
0.0003618597454141466
0.00036006961500428326
0.0003582779235033715
0.00035648485007011566
0.000354690581548416
0.00035289494973913
0.0003510977785610324
0.00034929925296955526
0.00034749956601799737
0.00034569854360160917
0.0003438960033021207
0.00034209213618051305
0.0003402871418444718
0.0003384808399575144
0.0003366730414114846
0.0003348639437062674
0.00033305375336833916
0.0003312422834864415
0.0003294293378792575
0.0003276151208424324
0.000325799846221611
0.0003239833201573312
0.0003221653389734502
0.0003203461141558267
0.00031852586730039763
0.00031670439719165
0.00031488149221246576
0.0003130573714557601
0.0003112322647373488
0.0003094059630490355
0.00030757824633751313
0.00030574934176258613
0.0003039194878740219
0.00030208846738843183
0.00030025605128500537
0.0002984224752866879
0.00029658798723322254
0.00029475236104657974
0.0002929153581588027
0.0002910772233956288
0.0002892382144912285
0.0002873980960132115
0.00028555661920246715
0.00028371403858106663
0.0002818706224499402
0.0002800261253956018
0.00027818028777140376
0.00027633337444353117
0.00027448566500899436
0.0002726369033954661
0.0002707868183049267
0.00026893568565246713
0.0002670837971377654
0.0002652308852876587
0.0002633766662983169
0.0002615214279235158
0.0002596654748473395
0.00025780852737879574
0.00025595028827473624
0.00025409105798223855
0.00025223115516237037
0.00025037028699192147
0.0002485081417571662
0.0002466450335475985
0.0002447812960929197
0.00024291662243821594
0.00024105068524023956
0.00023918381329348374
0.0002373163566061933
0.00023544799298131378
0.00023357837816203217
0.0002317078568185709
0.00022983679659821326
0.00022796485882122392
0.00022609168087581744
0.0002242176246190281
0.0002223430768654522
0.0002204676810599026
0.00021859105462176823
0.00021671357806190642
0.00021483565907635637
0.0002129569216790531
0.00021107696149862536
0.00020919617934648795
0.00020731500574280778
0.00020543304351718493
0.00020354986443534722
0.0002016658914803399
0.00019978158019154433
0.00019789651023607955
0.00019601022716271837
0.00019412317823697302
0.0001922358465354171
0.00019034778630298399
0.00018845851418498465
0.00018656850413233974
0.0001846782696446395
0.0001827873369698994
0.00018089519075147154
0.00017900233438676946
0.00017710931511783696
0.0001752156282421128
0.00017332072282825808
0.00017142513488288154
0.0001695294492530429
0.00016763312687461892
0.00016573557706994304
0.00016383737213229211
0.00016193913901844367
0.00016004030034090985
0.00015814022079150268
0.0001562395132273216
0.00015433885202294242
0.00015243761683038232
0.00015053512194038567
0.00014863202580169788
0.0001467290564863854
0.00014482554523432753
0.000142920749068923
0.00014101537796423294
0.00013911022120933705
0.00013720455515564884
0.0001352975713072514
0.00013339003823798073
0.0001314828155422152
0.00012957511692002075
0.00012766605833707033
0.00012575647548791454
0.00012384730935340466
0.00012193770160570192
0.00012002668036662524
0.00011811515880720335
0.00011620417299586546
0.00011429278110090993
0.00011237990810787173
0.00011046655739815065
0.00010855387727115389
0.00010664082821182168
0.00010472621275707396
0.00010281114037107994
0.00010089689338934336
0.00009898231681059505
0.00009706606598142377
0.0000951493764780874
0.00009323369292170322
0.00009131772212998623
0.00008939993991632788
0.00008748173372269665
0.00008556474774034915
0.00008364752120795339
0.00008172830718241719
0.00007980867869071197
0.00007789052993352726
0.00007597219367817819
0.00007405164094102203
0.00007213067545583718
0.00007021151167231976
0.00006829222314417713
0.00006637041502862918
0.00006444818371060507
0.0000625281649748894
0.0000606080997667071
0.000058685104265832206
0.00005676165509221124
0.00005484096123754478
0.0000529203253625098
0.000050996185184699116
0.000049071525925296035
0.000047150370184047784
0.000045229424281240976
0.00004330413787169224
0.00004137820094944099
0.00003945685718574908
0.000037535969091821614
0.00003560945121625751
0.00003368201272693254
0.00003176087527401817
0.000029840650328037802
0.000027912640646519707
0.000025983102296206613
0.000024062835886387638
0.000022144506039316916
0.000020214325455129006
0.000018280977734520565
0.00001636296434218617
0.000014449942066972786
0.00001251574050079508
0.00001057214440769659
8.660154964115951e-6
6.768551184408074e-6
4.8267725281088314e-6
2.8270015432952346e-6
1.0085089854927718e-6