0.000993691946165168
0.002780966067675812
0.0047369866930870785
0.0066181145977865265
0.00842390885456416
0.010217685572941431
0.012004972803476616
0.013737658793926345
0.015396150083693739
0.01700106513716503
0.01855813574170777
0.02004191275201586
0.021436422510085037
0.022751456524961033
0.023991268569418356
0.02513883954035806
0.026181442903203733
0.027125564944272696
0.027975405610206155
0.02871855818078394
0.029344840011197096
0.02986017016208695
0.03026972768802293
0.030564254858526527
0.030735594935712617
0.030790409033916423
0.030735594935712617
0.030564254858526527
0.03026972768802293
0.02986017016208695
0.029344840011197096
0.02871855818078394
0.027975405610206155
0.027125564944272696
0.026181442903203733
0.02513883954035806
0.023991268569418356
0.022751456524961033
0.021436422510085037
0.02004191275201586
0.01855813574170777
0.01700106513716503
0.015396150083693739
0.013737658793926345
0.012004972803476616
0.010217685572941431
0.00842390885456416
0.0066181145977865265
0.0047369866930870785
0.002780966067675812
0.000993691946165168