6.456071397169651e-7
1.809734008331737e-6
3.0899110148557673e-6
4.332967874772241e-6
5.54391052975486e-6
6.76791089926497e-6
8.012154278467662e-6
9.250394760934295e-6
0.000010475089632463817
0.000011702994097249033
0.000012940731532545217
0.00001417645944406267
0.000015404620276070694
0.000016634042116399845
0.000017869422945904873
0.000019103849941792555
0.0000203333195204997
0.000021563401381842216
0.000022797547247132167
0.000024031135364614084
0.000025261152341473777
0.000026491495993092962
0.0000277248171851196
0.00002895776036668345
0.00003018796452397356
0.000031418344803904304
0.00003265101194752722
0.000033883392029830765
0.00003511357516975683
0.00003634384403203014
0.00003757592764886457
0.00003880777288835908
0.00004003779541345441
0.000041267843605265406
0.00004249936596584965
0.00004373067625916888
0.00004496043352480971
0.000046190173157540074
0.000047421130766397783
0.00004865188980288174
0.000049881296613252134
0.00005111065241827895
0.00005234102691890624
0.00005357120854903823
0.000054800191289438415
0.000056029095864312055
0.00005725885981557603
0.00005848843159498838
0.0000597169239544935
0.0000609453150445173
0.00006217443516365883
0.00006340336048105832
0.00006463130093989452
0.00006585911978164549
0.00006708755888837758
0.00006831579826856591
0.00006954312858182437
0.00007077031886736136
0.00007199803708643254
0.0000732255490431918
0.00007445221326445332
0.00007567872043166394
0.00007690567600416272
0.00007813241759230656
0.00007935836144756649
0.0000805841322505439
0.00008181028202830811
0.00008303620923558068
0.00008426137968593586
0.00008548636185480232
0.00008671166168361792
0.00008793672969680667
0.00008916107464403503
0.00009038521667150535
0.00009160962163435861
0.00009283378503244959
0.00009405725310812147
0.00009528050408009697
0.00009650396868801947
0.00009772718159750818
0.00009894972199672517
0.00010017203147440819
0.00010139450980039637
0.0001026167259804689
0.00010383828837015325
0.00010505960630641925
0.00010628105208151206
0.00010750222502944086
0.00010872275943937553
0.00010994303610375294
0.00011116340280210408
0.00011238348579240958
0.00011360294257450937
0.00011482212851009023
0.00011604136940039414
0.00011726031555249967
0.00011847864531302922
0.00011969669128943947
0.00012091475948915162
0.00012213252179390342
0.00012334967536778497
0.00012456653235836003
0.00012578338086285866
0.00012699991221400942
0.00012821584063492806
0.00012943145978263522
0.0001306470415050077
0.0001318622947307687
0.00013307694920168848
0.00013429128181397667
0.00013550554959546783
0.00013671947747312703
0.00013793280935413794
0.00013914580687220704
0.00014035871351786487
0.00014157126879624406
0.00014278322958487924
0.00014399484358660255
0.0001452063418670587
0.0001464174772746366
0.0001476280186006776
0.00014883820078146815
0.00015004824345655338
0.00015125791171606014
0.00015246698533009855
0.00015367568749780026
0.00015488422732600794
0.0001560923811688125
0.00015729993893108933
0.0001585071130046633
0.00015971410274868015
0.00016092069491505724
0.00016212668879857434
0.00016333228679784448
0.0001645376792389326
0.00016574266249620012
0.00016694704457196908
0.00016815101861325908
0.00016935476655969778
0.00017055809370235744
0.0001717608161427498
0.0001729631184413608
0.00017416517472995123
0.00017536679858573456
0.0001765678136619586
0.0001777683965296934
0.00017896871403219264
0.00018016858746989665
0.0001813678475477056
0.00018256666338636743
0.0001837651950199021
0.0001849632709567496
0.00018616072849267088
0.0001873577297948562
0.0001885544285250067
0.00018975065992288885
0.0001909462674715785
0.0001921414068236778
0.00019333622566531814
0.00019453056554568892
0.00019572427574865927
0.00019691750582903291
0.00019811039785199125
0.0001993027992907028
0.00020049456488509823
0.00020168583845921228
0.00020287675679692873
0.00020406717293368928
0.00020525694674648065
0.00020644621667378945
0.00020763511452022036
0.00020882349855896637
0.00021001123351021306
0.00021119845274064899
0.00021238528335754893
0.00021357158857018092
0.0002147572376729467
0.00021594235924883597
0.0002171270759675754
0.000218311255697127
0.00021949477205794566
0.0002206777491142536
0.00022186030533933684
0.00022304231300359595
0.0002242236498225083
0.00022540443558893226
0.00022658478479961567
0.00022776457389269659
0.00022894368446531822
0.00023012223226492767
0.0002313003280202964
0.00023247785211589597
0.00023365468983381198
0.0002348309530880885
0.00023600674902570802
0.00023718196178029252
0.00023835648013149474
0.00023953041235565576
0.00024070386219996622
0.00024187671735391127
0.00024304886992532676
0.00024422042473467074
0.0002453914822942929
0.00024656193367396883
0.0002477316741529766
0.00024890080526305646
0.00025006942443429886
0.00025123742595709394
0.00025240470813016157
0.00025357136935532065
0.0002547375041273124
0.0002559030098021299
0.0002570677875579114
0.0002582319328165899
0.0002593955372696181
0.0002605585011971798
0.00026172072852984513
0.0002628823118437806
0.00026404334015373536
0.00026520371653357855
0.0002663633475394343
0.0002675223230338388
0.0002686807294756639
0.0002698384726030152
0.00027099546148721753
0.00027215178339542074
0.00027330752234209534
0.0002744625866145056
0.00027561688768804217
0.0002767705103513964
0.00027792353627765197
0.0002790758761938795
0.00028022744387826615
0.000281378321746959
0.00028252858923205875
0.0002836781593946683
0.00028482694822294674
0.00028597503586011696
0.00028712249958734
0.00028826925470569237
0.00028941521932300106
0.0002905604714036342
0.00029170508616496087
0.0002928489810571157
0.00029399207622237485
0.0002951344475350382
0.0002962761682330111
0.00029741715782734924
0.0002985573384151754
0.000299696783864743
0.0003008355655132786
0.00030197360485042363
0.00030311082585278047
0.0003042473004621463
0.00030538309818840776
0.00030651814242345723
0.0003076523589509591
0.0003087858178634184
0.00030991858690896686
0.00031105059131216736
0.00031218175859694684
0.0003133121570738899
0.00031444185280052155
0.00031557077276125276
0.00031669884615648713
0.00031782613958338495
0.00031895271747069706
0.00032007850849792433
0.000321203443480911
0.00032232758736859204
0.00032345100301620983
0.0003245736207404342
0.0003256953729141528
0.0003268163228969679
0.00032793653202987813
0.0003290559322052042
0.00033017445729974123
0.0003312921691395345
0.0003324091276076382
0.0003335252661144905
0.0003346405199877938
0.00033575494957796315
0.00033686861335549176
0.0003379814462003296
0.00033909338484201183
0.0003402044882036784
0.0003413148133964857
0.00034242429671638304
0.0003435328762465737
0.0003446406095355192
0.0003457475523776417
0.00034685364243850186
0.00034795881911311234
0.0003490631386183358
0.00035016665547686485
0.0003512693086795437
0.0003523710388875815
0.00035347190103299345
0.0003545719484098537
0.0003556711212886287
0.00035676936155716913
0.00035786672290521554
0.00035896325743695463
0.0003600589066626609
0.0003611536136571436
0.0003622474309086587
0.0003633404093700289
0.00036443249175077626
0.00036552362227770227
0.0003666138522746905
0.0003677032315792807
0.00036879170406460126
0.00036987921507077856
0.00037096581479680057
0.0003720515520000549
0.00037313637167943076
0.000374220220256865
0.0003753031468396668
0.0003763851991396341
0.0003774663232465195
0.00037854646663175435
0.0003796256773455093
0.0003807040020840011
0.00038178138799702175
0.0003828577835733244
0.0003839332358384219
0.00038500779050457606
0.0003860813957489926
0.000387154001048242
0.00038822565243441337
0.0003892963946649295
0.0003903661769144169
0.0003914349496186844
0.0003925027578464023
0.0003935696454274922
0.0003946355625056979
0.0003957004604490178
0.000396764383390914
0.00039782737426020536
0.0003988893841422101
0.0003999503653124461
0.00040101036099406763
0.00040206941324318236
0.0004031274740592907
0.00040418449659765837
0.0004052405232010372
0.0004062955950753222
0.0004073496651088128
0.00040840268731544353
0.0004094547031797381
0.0004105057530809242
0.00041155579077342913
0.00041260477110525664
0.0004136527347269138
0.00041469972121623136
0.00041574568516765435
0.00041679058224179026
0.0004178344522792034
0.0004188773340760095
0.0004199191830467464
0.0004209599556415246
0.00042199969091376353
0.00042303842690005056
0.0004240761198115663
0.0004251127268692082
0.00042614828635963403
0.0004271828355796779
0.0004282163315176115
0.00042924873214437135
0.0004302800750007423
0.00043131039666423305
0.00043233965487879356
0.0004333678083477686
0.0004343948938850564
0.0004354209473674846
0.00043644592727646887
0.0004374697930278173
0.00043849258072917315
0.00043951432557408457
0.00044053498676323825
0.0004415545244070139
0.00044257297392572383
0.0004435903698459453
0.0004446066720706282
0.0004456218413882919
0.0004466359125485274
0.00044764891942861206
0.00044866082261556473
0.00044967158356138716
0.0004506812363601129
0.0004516898142575915
0.0004526972785076986
0.00045370359120918194
0.0004547087858183499
0.00045571289496469414
0.00045671588055351596
0.0004577177053139714
0.00045871840208205775
0.00045971800288426967
0.00046071647026260155
0.0004617137675637586
0.0004627099270159315
0.000463704980059514
0.0004646988898573558
0.0004656916203584913
0.00046668320320045
0.0004676736692486799
0.0004686629822746446
0.00046965110681627015
0.0004706380739330241
0.00047162391393126455
0.00047260859117565667
0.00047359207077955095
0.0004745743832391357
0.0004755555583142048
0.00047653556094933905
0.00047751435682129
0.0004784919758752326
0.00047946844733800945
0.0004804437367206495
0.0004814178102510791
0.0004823906973367414
0.000483362426682868
0.00048433296435561015
0.00048530227712125033
0.0004862703938619667
0.00048723734277476155
0.0004882030904671681
0.0004891676042329381
0.0004901309124415899
0.0004910930427914947
0.0004920539624216609
0.0004930136391421328
0.0004939721008208165
0.0004949293746687351
0.000495885428345358
0.0004968402301656805
0.0004977938075072333
0.0004987461871060017
0.0004996973371289403
0.0005006472263872759
0.0005015958817786347
0.0005025433295726428
0.0005034895384361815
0.0005044344776634087
0.0005053781736844945
0.0005063206523137699
0.0005072618827053015
0.0005082018346292829
0.0005091405340565727
0.0005100780063561554
0.0005110142211604349
0.0005119491487047236
0.00051288281451207
0.0005138152435141147
0.0005147464058124003
0.0005156762721000029
0.0005166048674591551
0.0005175322163953529
0.000518458289469451
0.0005193830578217052
0.0005203065461050977
0.0005212287784067764
0.0005221497257381383
0.000523069359678511
0.0005239877044603427
0.0005249047837602674
0.000525820569032615
0.000526735032286946
0.000527648197343696
0.000528560087478437
0.0005294706745791456
0.000530379931077149
0.0005312878803896449
0.0005321945454003538
0.0005330998984209998
0.0005340039122985323
0.0005349066100543588
0.0005358080141872194
0.0005367080974258999
0.0005376068330254923
0.0005385042436192062
0.0005394003513280119
0.0005402951292915397
0.0005411885511630177
0.0005420806391970129
0.0005429714151451207
0.0005438608525477289
0.0005447489254523048
0.0005456356557400494
0.0005465210647999435
0.0005474051265681407
0.0005482878154763168
0.0005491691530419729
0.0005500491602984162
0.0005509278115690741
0.0005518050816653493
0.0005526809917463134
0.0005535555624965437
0.0005544287686210551
0.0005553005853025021
0.0005561710333503027
0.0005570401331058901
0.0005579078596491848
0.0005587741885291742
0.0005596391402103607
0.0005605027346990415
0.0005613649474427246
0.000562225754350483
0.0005630851755489129
0.0005639432307150079
0.0005647998956581613
0.0005656551466406792
0.0005665090034583803
0.0005673614854646201
0.0005682125688245178
0.0005690622301485185
0.0005699104889071954
0.000570757364135875
0.0005716028323500561
0.0005724468705025797
0.0005732894977440705
0.0005741307327992631
0.0005749705525270704
0.0005758089342165736
0.0005766458967058062
0.0005774814584130402
0.0005783155965357925
0.0005791482886946128
0.0005799795534196366
0.0005808094088284769
0.0005816378324520236
0.0005824648022364364
0.0005832903364100284
0.0005841144527950676
0.0005849371292501465
0.0005857583440425974
0.0005865781151036365
0.000587396459965717
0.0005882133568098334
0.0005890287842196309
0.0005898427598344633
0.0005906553009018768
0.0005914663859207394
0.00059227599378517
0.0005930841418487053
0.0005938908470786364
0.0005946960882863755
0.0005954998446730462
0.0005963021333100498
0.0005971029708898154
0.0005979023365317485
0.0005987002097383224
0.0005994966073047872
0.0006002915456529728
0.0006010850042052057
0.0006018769627623118
0.0006026674378468699
0.0006034564456144251
0.0006042439657868295
0.0006050299784575618
0.0006058144998821957
0.0006065975459541893
0.0006073790966902249
0.0006081591324727972
0.0006089376692942703
0.0006097147227909184
0.0006104902732695843
0.0006112643013978193
0.0006120368229090978
0.0006128078531867681
0.0006135773728235766
0.0006143453627683635
0.0006151118384998573
0.0006158768151522779
0.0006166402736009913
0.0006174021950709531
0.0006181625947913323
0.0006189214876511423
0.0006196788548037692
0.0006204346777476604
0.0006211889714655415
0.0006219417506050101
0.0006226929965943485
0.0006234426912009054
0.0006241908491654655
0.0006249374848982217
0.0006256825800979362
0.0006264261167981182
0.0006271681095007542
0.0006279085723824926
0.0006286474874090216
0.0006293848368764579
0.0006301206350518448
0.0006308548958815779
0.0006315876015950482
0.0006323187347474395
0.0006330483093743435
0.0006337763391959047
0.0006345028067014638
0.0006352276947015414
0.0006359510170043312
0.0006366727871071321
0.0006373929877555056
0.0006381116020127554
0.000638828643462813
0.000639544125382722
0.0006402580307720459
0.0006409703429431274
0.0006416810752591476
0.0006423902407804253
0.0006430978227569721
0.0006438038047472319
0.0006445081998966951
0.000645211021052751
0.0006459122517122696
0.0006466118756766237
0.0006473099058774547
0.0006480063549514087
0.0006487012066397167
0.0006493944449842507
0.0006500860827049728
0.0006507761322316607
0.0006514645775467605
0.0006521514029288023
0.000652836620890233
0.0006535202436567201
0.0006542022554484751
0.0006548826407790653
0.0006555614119555986
0.0006562385810020081
0.0006569141323745381
0.0006575880508181832
0.0006582603484378023
0.0006589310370594498
0.0006596001013713858
0.0006602675263479266
0.0006609333238947438
0.0006615975056417187
0.000662260056507694
0.0006629209616928974
0.0006635802329069903
0.00066423788158638
0.000664893892877423
0.0006655482522046775
0.0006662009710833887
0.0006668520607600759
0.0006675015066056531
0.0006681492942659864
0.0006687954350653211
0.0006694399400626094
0.0006700827948506528
0.0006707239852947386
0.000671363522530336
0.0006720014174310275
0.0006726376558095632
0.0006732722237481091
0.0006739051321960433
0.0006745363918436364
0.0006751659887216249
0.0006757939091265321
0.0006764201638240646
0.0006770447633239852
0.0006776676938722181
0.0006782889419776687
0.000678908518224713
0.0006795264329448199
0.0006801426725971954
0.0006807572239003171
0.0006813700972600196
0.0006819813028319654
0.0006825908272857856
0.0006831986575482992
0.0006838048038483225
0.000684409276168208
0.0006850120613861426
0.0006856131466343101
0.0006862125419678544
0.0006868102571970894
0.0006874062794070143
0.0006880005959337049
0.0006885932166598967
0.0006891841512267164
0.000689773386923459
0.0006903609112882513
0.000690946734033556
0.0006915308646334578
0.0006921132905796659
0.0006926939996098496
0.0006932730012689195
0.0006938503048656594
0.00069442589809216
0.0006949997688842146
0.000695571926620848
0.000696142380447293
0.0006967111182546635
0.0006972781281744697
0.0006978434194222097
0.0006984070009815578
0.0006989688609405462
0.0006995289876247808
0.0007000873900878806
0.0007006440771544501
0.0007011990371068374
0.0007017522584638576
0.00070230375011875
0.0007028535207382812
0.0007034015587984174
0.000703947853008484
0.0007044924121037234
0.0007050352445951627
0.0007055763391500859
0.0007061156846669528
0.000706653289724728
0.0007071891626804344
0.0007077232923910487
0.0007082556679425051
0.0007087862977592054
0.0007093151900460718
0.0007098423338478578
0.0007103677184366899
0.0007108913520840222
0.0007114132428440202
0.0007119333799480925
0.0007124517528526764
0.0007129683696781773
0.0007134832383295129
0.0007139963482232807
0.0007145076889985702
0.0007150172686263764
0.0007155250948643336
0.0007160311573122865
0.0007165354457906436
0.0007170379681225786
0.0007175387319200282
0.0007180377269645639
0.000718534943256511
0.0007190303884728347
0.0007195240700810869
0.0007200159780432294
0.000720506102538323
0.0007209944510983871
0.0007214810310480836
0.0007219658325285571
0.0007224488458958412
0.0007229300785388213
0.0007234095376407427
0.000723887213520375
0.000724363096709527
0.0007248371944553113
0.000725309513801004
0.0007257800452416185
0.0007262487794835459
0.0007267157236333453
0.0007271808845960177
0.0007276442530413734
0.0007281058198487565
0.0007285655919860776
0.0007290235762210877
0.0007294797633970487
0.0007299341445656504
0.0007303867265568524
0.0007308375160026016
0.0007312865039186336
0.0007317336815272149
0.0007321790555221703
0.0007326226324008716
0.0007330644033501407
0.0007335043597618056
0.0007339425081948893
0.0007343788550129804
0.0007348133915732591
0.0007352461094359289
0.0007356770150260676
0.0007361061145755494
0.0007365333996099808
0.0007369588618569996
0.0007373825076091702
0.0007378043429674679
0.0007382243596252101
0.0007386425494760532
0.0007390589186815037
0.0007394734732125816
0.0007398862049292929
0.0007402971058904004
0.0007407061821272582
0.0007411134394823231
0.000741518869981067
0.0007419224658462535
0.0007423242329804159
0.0007427241770983318
0.000743122290389981
0.0007435185652413088
0.0007439130074268414
0.0007443056225349815
0.0007446964029191804
0.0007450853411272539
0.0007454724428071338
0.0007458577134219059
0.0007462411454872949
0.0007466227317122732
0.000747002477619055
0.000747380388546441
0.0007477564571715742
0.0007481306763634628
0.0007485030515198277
0.0007488735878560473
0.0007492422782096728
0.0007496091156092334
0.0007499741053285986
0.000750337252460672
0.0007506985500028054
0.0007510579911416671
0.0007514155810285796
0.0007517713246350853
0.0007521252151171171
0.0007524772458187864
0.0007528274217697957
0.0007531757478211503
0.0007535222172865472
0.0007538668236668296
0.0007542095718708782
0.0007545504666300392
0.0007548895014150241
0.0007552266698824736
0.0007555619768214073
0.0007558954268444415
0.000756227013578364
0.0007565567308349528
0.0007568845832840936
0.000757210575420693
0.000757534701026758
0.0007578569540682069
0.0007581773390970041
0.0007584958604908476
0.0007588125121863474
0.0007591272883029482
0.0007594401932753466
0.0007597512313647641
0.0007600603966617508
0.0007603676834386606
0.000760673096013436
0.0007609766385320745
0.0007612783052380166
0.0007615780905556092
0.000761875998687291
0.0007621720336641327
0.0007624661898820266
0.000762758461916734
0.0007630488538556859
0.0007633373696159515
0.0007636240037450668
0.000763908750969557
0.0007641916152626394
0.0007644726004280242
0.0007647517011642539
0.0007650289123480234
0.000765304237838965
0.0007655776813281779
0.0007658492376645428
0.0007661189018742613
0.000766386677704116
0.000766652568733294
0.0007669165699603403
0.0007671786765603567
0.0007674388921679601
0.0007676972202510628
0.0007679536559573071
0.0007682081946100126
0.0007684608397324216
0.0007687115946816456
0.0007689604547538904
0.0007692074154202466
0.0007694524800930577
0.0007696956520192949
0.0007699369266431338
0.0007701762995829396
0.0007704137741406984
0.0007706493534539214
0.0007708830331141058
0.0007711148088864313
0.0007713446839630908
0.0007715726613726509
0.000771798736853524
0.000772022906317003
0.0007722451728462245
0.0007724655393612948
0.0007726840017470237
0.000772900556060344
0.0007731152052758676
0.0007733279522057853
0.0007735387928807184
0.0007737477235029636
0.0007739547469390005
0.0007741598658935438
0.0007743630765427325
0.0007745643752335722
0.0007747637647250618
0.0007749612476148862
0.0007751568202241996
0.0007753504790443687
0.0007755422267273015
0.0007757320657642172
0.0007759199926207434
0.0007761060039323253
0.0007762901022441354
0.0007764722899413914
0.0007766525636338539
0.0007768309201004278
0.0007770073617802316
0.0007771818909528146
0.0007773545043716163
0.0007775251989588138
0.000777693977047694
0.0007778608408126348
0.0007780257871503716
0.0007781888131259406
0.0007783499209672766
0.0007785091127438878
0.0007786663854955059
0.000778821736429629
0.0007789751676692726
0.000779126681179448
0.0007792762741424847
0.0007794239439081171
0.0007795696924947403
0.0007797135217631575
0.0007798554290380592
0.0007799954118110549
0.0007801334719962724
0.0007802696113506972
0.0007804038273410108
0.0007805361176003917
0.0007806664839390574
0.0007807949280105281
0.0007809214474231038
0.000781046039951339
0.0007811687073018079
0.0007812894510247851
0.000781408268870062
0.0007815251587531287
0.000781640122277376
0.0007817531608900551
0.0007818642724821277
0.0007819734551098925
0.0007820807102737131
0.0007821860393181435
0.0007822894402750281
0.0007823909113413316
0.0007824904539145656
0.0007825880692368502
0.0007826837554807028
0.0007827775109834493
0.0007828693370401252
0.000782959234790555
0.0007830472025477523
0.0007831332387892313
0.0007832173447076876
0.0007832995213409584
0.0007833797671422545
0.000783458080729156
0.0007835344631922804
0.0007836089154675154
0.000783681436148212
0.0007837520239918488
0.0007838206799870566
0.0007838874049680911
0.0007839521976681632
0.0007840150569845258
0.0007840759838040606
0.0007841349788593929
0.0007841920410235782
0.0007842471693334801
0.0007843003645743371
0.0007843516273773861
0.0007844009567553173
0.0007844483518844619
0.0007844938134486441
0.0007845373419776918
0.0007845789366239295
0.0007846185967030605
0.000784656322797551
0.0007846921153359648
0.0007847259736101148
0.0007847578970750165
0.0007847878862118503
0.0007848159413481393
0.0007848420619149067
0.0007848662475064863
0.0007848884985029355
0.0007849088151306008
0.0007849271969598136
0.0007849436437243112
0.0007849581557027419
0.0007849707330206528
0.0007849813753872822
0.0007849900826760427
0.0007849968550639972
0.0007850016925760458
0.0007850045950617802
0.0007850055625300184
0.0007850045950617802
0.0007850016925760458
0.0007849968550639972
0.0007849900826760427
0.0007849813753872822
0.0007849707330206528
0.0007849581557027419
0.0007849436437243112
0.0007849271969598136
0.0007849088151306008
0.0007848884985029355
0.0007848662475064863
0.0007848420619149067
0.0007848159413481393
0.0007847878862118503
0.0007847578970750165
0.0007847259736101148
0.0007846921153359648
0.000784656322797551
0.0007846185967030605
0.0007845789366239295
0.0007845373419776918
0.0007844938134486441
0.0007844483518844619
0.0007844009567553173
0.0007843516273773861
0.0007843003645743371
0.0007842471693334801
0.0007841920410235782
0.0007841349788593929
0.0007840759838040606
0.0007840150569845258
0.0007839521976681632
0.0007838874049680911
0.0007838206799870566
0.0007837520239918488
0.000783681436148212
0.0007836089154675154
0.0007835344631922804
0.000783458080729156
0.0007833797671422545
0.0007832995213409584
0.0007832173447076876
0.0007831332387892313
0.0007830472025477523
0.000782959234790555
0.0007828693370401252
0.0007827775109834493
0.0007826837554807028
0.0007825880692368502
0.0007824904539145656
0.0007823909113413316
0.0007822894402750281
0.0007821860393181435
0.0007820807102737131
0.0007819734551098925
0.0007818642724821277
0.0007817531608900551
0.000781640122277376
0.0007815251587531287
0.000781408268870062
0.0007812894510247851
0.0007811687073018079
0.000781046039951339
0.0007809214474231038
0.0007807949280105281
0.0007806664839390574
0.0007805361176003917
0.0007804038273410108
0.0007802696113506972
0.0007801334719962724
0.0007799954118110549
0.0007798554290380592
0.0007797135217631575
0.0007795696924947403
0.0007794239439081171
0.0007792762741424847
0.000779126681179448
0.0007789751676692726
0.000778821736429629
0.0007786663854955059
0.0007785091127438878
0.0007783499209672766
0.0007781888131259406
0.0007780257871503716
0.0007778608408126348
0.000777693977047694
0.0007775251989588138
0.0007773545043716163
0.0007771818909528146
0.0007770073617802316
0.0007768309201004278
0.0007766525636338539
0.0007764722899413914
0.0007762901022441354
0.0007761060039323253
0.0007759199926207434
0.0007757320657642172
0.0007755422267273015
0.0007753504790443687
0.0007751568202241996
0.0007749612476148862
0.0007747637647250618
0.0007745643752335722
0.0007743630765427325
0.0007741598658935438
0.0007739547469390005
0.0007737477235029636
0.0007735387928807184
0.0007733279522057853
0.0007731152052758676
0.000772900556060344
0.0007726840017470237
0.0007724655393612948
0.0007722451728462245
0.000772022906317003
0.000771798736853524
0.0007715726613726509
0.0007713446839630908
0.0007711148088864313
0.0007708830331141058
0.0007706493534539214
0.0007704137741406984
0.0007701762995829396
0.0007699369266431338
0.0007696956520192949
0.0007694524800930577
0.0007692074154202466
0.0007689604547538904
0.0007687115946816456
0.0007684608397324216
0.0007682081946100126
0.0007679536559573071
0.0007676972202510628
0.0007674388921679601
0.0007671786765603567
0.0007669165699603403
0.000766652568733294
0.000766386677704116
0.0007661189018742613
0.0007658492376645428
0.0007655776813281779
0.000765304237838965
0.0007650289123480234
0.0007647517011642539
0.0007644726004280242
0.0007641916152626394
0.000763908750969557
0.0007636240037450668
0.0007633373696159515
0.0007630488538556859
0.000762758461916734
0.0007624661898820266
0.0007621720336641327
0.000761875998687291
0.0007615780905556092
0.0007612783052380166
0.0007609766385320745
0.000760673096013436
0.0007603676834386606
0.0007600603966617508
0.0007597512313647641
0.0007594401932753466
0.0007591272883029482
0.0007588125121863474
0.0007584958604908476
0.0007581773390970041
0.0007578569540682069
0.000757534701026758
0.000757210575420693
0.0007568845832840936
0.0007565567308349528
0.000756227013578364
0.0007558954268444415
0.0007555619768214073
0.0007552266698824736
0.0007548895014150241
0.0007545504666300392
0.0007542095718708782
0.0007538668236668296
0.0007535222172865472
0.0007531757478211503
0.0007528274217697957
0.0007524772458187864
0.0007521252151171171
0.0007517713246350853
0.0007514155810285796
0.0007510579911416671
0.0007506985500028054
0.000750337252460672
0.0007499741053285986
0.0007496091156092334
0.0007492422782096728
0.0007488735878560473
0.0007485030515198277
0.0007481306763634628
0.0007477564571715742
0.000747380388546441
0.000747002477619055
0.0007466227317122732
0.0007462411454872949
0.0007458577134219059
0.0007454724428071338
0.0007450853411272539
0.0007446964029191804
0.0007443056225349815
0.0007439130074268414
0.0007435185652413088
0.000743122290389981
0.0007427241770983318
0.0007423242329804159
0.0007419224658462535
0.000741518869981067
0.0007411134394823231
0.0007407061821272582
0.0007402971058904004
0.0007398862049292929
0.0007394734732125816
0.0007390589186815037
0.0007386425494760532
0.0007382243596252101
0.0007378043429674679
0.0007373825076091702
0.0007369588618569996
0.0007365333996099808
0.0007361061145755494
0.0007356770150260676
0.0007352461094359289
0.0007348133915732591
0.0007343788550129804
0.0007339425081948893
0.0007335043597618056
0.0007330644033501407
0.0007326226324008716
0.0007321790555221703
0.0007317336815272149
0.0007312865039186336
0.0007308375160026016
0.0007303867265568524
0.0007299341445656504
0.0007294797633970487
0.0007290235762210877
0.0007285655919860776
0.0007281058198487565
0.0007276442530413734
0.0007271808845960177
0.0007267157236333453
0.0007262487794835459
0.0007257800452416185
0.000725309513801004
0.0007248371944553113
0.000724363096709527
0.000723887213520375
0.0007234095376407427
0.0007229300785388213
0.0007224488458958412
0.0007219658325285571
0.0007214810310480836
0.0007209944510983871
0.000720506102538323
0.0007200159780432294
0.0007195240700810869
0.0007190303884728347
0.000718534943256511
0.0007180377269645639
0.0007175387319200282
0.0007170379681225786
0.0007165354457906436
0.0007160311573122865
0.0007155250948643336
0.0007150172686263764
0.0007145076889985702
0.0007139963482232807
0.0007134832383295129
0.0007129683696781773
0.0007124517528526764
0.0007119333799480925
0.0007114132428440202
0.0007108913520840222
0.0007103677184366899
0.0007098423338478578
0.0007093151900460718
0.0007087862977592054
0.0007082556679425051
0.0007077232923910487
0.0007071891626804344
0.000706653289724728
0.0007061156846669528
0.0007055763391500859
0.0007050352445951627
0.0007044924121037234
0.000703947853008484
0.0007034015587984174
0.0007028535207382812
0.00070230375011875
0.0007017522584638576
0.0007011990371068374
0.0007006440771544501
0.0007000873900878806
0.0006995289876247808
0.0006989688609405462
0.0006984070009815578
0.0006978434194222097
0.0006972781281744697
0.0006967111182546635
0.000696142380447293
0.000695571926620848
0.0006949997688842146
0.00069442589809216
0.0006938503048656594
0.0006932730012689195
0.0006926939996098496
0.0006921132905796659
0.0006915308646334578
0.000690946734033556
0.0006903609112882513
0.000689773386923459
0.0006891841512267164
0.0006885932166598967
0.0006880005959337049
0.0006874062794070143
0.0006868102571970894
0.0006862125419678544
0.0006856131466343101
0.0006850120613861426
0.000684409276168208
0.0006838048038483225
0.0006831986575482992
0.0006825908272857856
0.0006819813028319654
0.0006813700972600196
0.0006807572239003171
0.0006801426725971954
0.0006795264329448199
0.000678908518224713
0.0006782889419776687
0.0006776676938722181
0.0006770447633239852
0.0006764201638240646
0.0006757939091265321
0.0006751659887216249
0.0006745363918436364
0.0006739051321960433
0.0006732722237481091
0.0006726376558095632
0.0006720014174310275
0.000671363522530336
0.0006707239852947386
0.0006700827948506528
0.0006694399400626094
0.0006687954350653211
0.0006681492942659864
0.0006675015066056531
0.0006668520607600759
0.0006662009710833887
0.0006655482522046775
0.000664893892877423
0.00066423788158638
0.0006635802329069903
0.0006629209616928974
0.000662260056507694
0.0006615975056417187
0.0006609333238947438
0.0006602675263479266
0.0006596001013713858
0.0006589310370594498
0.0006582603484378023
0.0006575880508181832
0.0006569141323745381
0.0006562385810020081
0.0006555614119555986
0.0006548826407790653
0.0006542022554484751
0.0006535202436567201
0.000652836620890233
0.0006521514029288023
0.0006514645775467605
0.0006507761322316607
0.0006500860827049728
0.0006493944449842507
0.0006487012066397167
0.0006480063549514087
0.0006473099058774547
0.0006466118756766237
0.0006459122517122696
0.000645211021052751
0.0006445081998966951
0.0006438038047472319
0.0006430978227569721
0.0006423902407804253
0.0006416810752591476
0.0006409703429431274
0.0006402580307720459
0.000639544125382722
0.000638828643462813
0.0006381116020127554
0.0006373929877555056
0.0006366727871071321
0.0006359510170043312
0.0006352276947015414
0.0006345028067014638
0.0006337763391959047
0.0006330483093743435
0.0006323187347474395
0.0006315876015950482
0.0006308548958815779
0.0006301206350518448
0.0006293848368764579
0.0006286474874090216
0.0006279085723824926
0.0006271681095007542
0.0006264261167981182
0.0006256825800979362
0.0006249374848982217
0.0006241908491654655
0.0006234426912009054
0.0006226929965943485
0.0006219417506050101
0.0006211889714655415
0.0006204346777476604
0.0006196788548037692
0.0006189214876511423
0.0006181625947913323
0.0006174021950709531
0.0006166402736009913
0.0006158768151522779
0.0006151118384998573
0.0006143453627683635
0.0006135773728235766
0.0006128078531867681
0.0006120368229090978
0.0006112643013978193
0.0006104902732695843
0.0006097147227909184
0.0006089376692942703
0.0006081591324727972
0.0006073790966902249
0.0006065975459541893
0.0006058144998821957
0.0006050299784575618
0.0006042439657868295
0.0006034564456144251
0.0006026674378468699
0.0006018769627623118
0.0006010850042052057
0.0006002915456529728
0.0005994966073047872
0.0005987002097383224
0.0005979023365317485
0.0005971029708898154
0.0005963021333100498
0.0005954998446730462
0.0005946960882863755
0.0005938908470786364
0.0005930841418487053
0.00059227599378517
0.0005914663859207394
0.0005906553009018768
0.0005898427598344633
0.0005890287842196309
0.0005882133568098334
0.000587396459965717
0.0005865781151036365
0.0005857583440425974
0.0005849371292501465
0.0005841144527950676
0.0005832903364100284
0.0005824648022364364
0.0005816378324520236
0.0005808094088284769
0.0005799795534196366
0.0005791482886946128
0.0005783155965357925
0.0005774814584130402
0.0005766458967058062
0.0005758089342165736
0.0005749705525270704
0.0005741307327992631
0.0005732894977440705
0.0005724468705025797
0.0005716028323500561
0.000570757364135875
0.0005699104889071954
0.0005690622301485185
0.0005682125688245178
0.0005673614854646201
0.0005665090034583803
0.0005656551466406792
0.0005647998956581613
0.0005639432307150079
0.0005630851755489129
0.000562225754350483
0.0005613649474427246
0.0005605027346990415
0.0005596391402103607
0.0005587741885291742
0.0005579078596491848
0.0005570401331058901
0.0005561710333503027
0.0005553005853025021
0.0005544287686210551
0.0005535555624965437
0.0005526809917463134
0.0005518050816653493
0.0005509278115690741
0.0005500491602984162
0.0005491691530419729
0.0005482878154763168
0.0005474051265681407
0.0005465210647999435
0.0005456356557400494
0.0005447489254523048
0.0005438608525477289
0.0005429714151451207
0.0005420806391970129
0.0005411885511630177
0.0005402951292915397
0.0005394003513280119
0.0005385042436192062
0.0005376068330254923
0.0005367080974258999
0.0005358080141872194
0.0005349066100543588
0.0005340039122985323
0.0005330998984209998
0.0005321945454003538
0.0005312878803896449
0.000530379931077149
0.0005294706745791456
0.000528560087478437
0.000527648197343696
0.000526735032286946
0.000525820569032615
0.0005249047837602674
0.0005239877044603427
0.000523069359678511
0.0005221497257381383
0.0005212287784067764
0.0005203065461050977
0.0005193830578217052
0.000518458289469451
0.0005175322163953529
0.0005166048674591551
0.0005156762721000029
0.0005147464058124003
0.0005138152435141147
0.00051288281451207
0.0005119491487047236
0.0005110142211604349
0.0005100780063561554
0.0005091405340565727
0.0005082018346292829
0.0005072618827053015
0.0005063206523137699
0.0005053781736844945
0.0005044344776634087
0.0005034895384361815
0.0005025433295726428
0.0005015958817786347
0.0005006472263872759
0.0004996973371289403
0.0004987461871060017
0.0004977938075072333
0.0004968402301656805
0.000495885428345358
0.0004949293746687351
0.0004939721008208165
0.0004930136391421328
0.0004920539624216609
0.0004910930427914947
0.0004901309124415899
0.0004891676042329381
0.0004882030904671681
0.00048723734277476155
0.0004862703938619667
0.00048530227712125033
0.00048433296435561015
0.000483362426682868
0.0004823906973367414
0.0004814178102510791
0.0004804437367206495
0.00047946844733800945
0.0004784919758752326
0.00047751435682129
0.00047653556094933905
0.0004755555583142048
0.0004745743832391357
0.00047359207077955095
0.00047260859117565667
0.00047162391393126455
0.0004706380739330241
0.00046965110681627015
0.0004686629822746446
0.0004676736692486799
0.00046668320320045
0.0004656916203584913
0.0004646988898573558
0.000463704980059514
0.0004627099270159315
0.0004617137675637586
0.00046071647026260155
0.00045971800288426967
0.00045871840208205775
0.0004577177053139714
0.00045671588055351596
0.00045571289496469414
0.0004547087858183499
0.00045370359120918194
0.0004526972785076986
0.0004516898142575915
0.0004506812363601129
0.00044967158356138716
0.00044866082261556473
0.00044764891942861206
0.0004466359125485274
0.0004456218413882919
0.0004446066720706282
0.0004435903698459453
0.00044257297392572383
0.0004415545244070139
0.00044053498676323825
0.00043951432557408457
0.00043849258072917315
0.0004374697930278173
0.00043644592727646887
0.0004354209473674846
0.0004343948938850564
0.0004333678083477686
0.00043233965487879356
0.00043131039666423305
0.0004302800750007423
0.00042924873214437135
0.0004282163315176115
0.0004271828355796779
0.00042614828635963403
0.0004251127268692082
0.0004240761198115663
0.00042303842690005056
0.00042199969091376353
0.0004209599556415246
0.0004199191830467464
0.0004188773340760095
0.0004178344522792034
0.00041679058224179026
0.00041574568516765435
0.00041469972121623136
0.0004136527347269138
0.00041260477110525664
0.00041155579077342913
0.0004105057530809242
0.0004094547031797381
0.00040840268731544353
0.0004073496651088128
0.0004062955950753222
0.0004052405232010372
0.00040418449659765837
0.0004031274740592907
0.00040206941324318236
0.00040101036099406763
0.0003999503653124461
0.0003988893841422101
0.00039782737426020536
0.000396764383390914
0.0003957004604490178
0.0003946355625056979
0.0003935696454274922
0.0003925027578464023
0.0003914349496186844
0.0003903661769144169
0.0003892963946649295
0.00038822565243441337
0.000387154001048242
0.0003860813957489926
0.00038500779050457606
0.0003839332358384219
0.0003828577835733244
0.00038178138799702175
0.0003807040020840011
0.0003796256773455093
0.00037854646663175435
0.0003774663232465195
0.0003763851991396341
0.0003753031468396668
0.000374220220256865
0.00037313637167943076
0.0003720515520000549
0.00037096581479680057
0.00036987921507077856
0.00036879170406460126
0.0003677032315792807
0.0003666138522746905
0.00036552362227770227
0.00036443249175077626
0.0003633404093700289
0.0003622474309086587
0.0003611536136571436
0.0003600589066626609
0.00035896325743695463
0.00035786672290521554
0.00035676936155716913
0.0003556711212886287
0.0003545719484098537
0.00035347190103299345
0.0003523710388875815
0.0003512693086795437
0.00035016665547686485
0.0003490631386183358
0.00034795881911311234
0.00034685364243850186
0.0003457475523776417
0.0003446406095355192
0.0003435328762465737
0.00034242429671638304
0.0003413148133964857
0.0003402044882036784
0.00033909338484201183
0.0003379814462003296
0.00033686861335549176
0.00033575494957796315
0.0003346405199877938
0.0003335252661144905
0.0003324091276076382
0.0003312921691395345
0.00033017445729974123
0.0003290559322052042
0.00032793653202987813
0.0003268163228969679
0.0003256953729141528
0.0003245736207404342
0.00032345100301620983
0.00032232758736859204
0.000321203443480911
0.00032007850849792433
0.00031895271747069706
0.00031782613958338495
0.00031669884615648713
0.00031557077276125276
0.00031444185280052155
0.0003133121570738899
0.00031218175859694684
0.00031105059131216736
0.00030991858690896686
0.0003087858178634184
0.0003076523589509591
0.00030651814242345723
0.00030538309818840776
0.0003042473004621463
0.00030311082585278047
0.00030197360485042363
0.0003008355655132786
0.000299696783864743
0.0002985573384151754
0.00029741715782734924
0.0002962761682330111
0.0002951344475350382
0.00029399207622237485
0.0002928489810571157
0.00029170508616496087
0.0002905604714036342
0.00028941521932300106
0.00028826925470569237
0.00028712249958734
0.00028597503586011696
0.00028482694822294674
0.0002836781593946683
0.00028252858923205875
0.000281378321746959
0.00028022744387826615
0.0002790758761938795
0.00027792353627765197
0.0002767705103513964
0.00027561688768804217
0.0002744625866145056
0.00027330752234209534
0.00027215178339542074
0.00027099546148721753
0.0002698384726030152
0.0002686807294756639
0.0002675223230338388
0.0002663633475394343
0.00026520371653357855
0.00026404334015373536
0.0002628823118437806
0.00026172072852984513
0.0002605585011971798
0.0002593955372696181
0.0002582319328165899
0.0002570677875579114
0.0002559030098021299
0.0002547375041273124
0.00025357136935532065
0.00025240470813016157
0.00025123742595709394
0.00025006942443429886
0.00024890080526305646
0.0002477316741529766
0.00024656193367396883
0.0002453914822942929
0.00024422042473467074
0.00024304886992532676
0.00024187671735391127
0.00024070386219996622
0.00023953041235565576
0.00023835648013149474
0.00023718196178029252
0.00023600674902570802
0.0002348309530880885
0.00023365468983381198
0.00023247785211589597
0.0002313003280202964
0.00023012223226492767
0.00022894368446531822
0.00022776457389269659
0.00022658478479961567
0.00022540443558893226
0.0002242236498225083
0.00022304231300359595
0.00022186030533933684
0.0002206777491142536
0.00021949477205794566
0.000218311255697127
0.0002171270759675754
0.00021594235924883597
0.0002147572376729467
0.00021357158857018092
0.00021238528335754893
0.00021119845274064899
0.00021001123351021306
0.00020882349855896637
0.00020763511452022036
0.00020644621667378945
0.00020525694674648065
0.00020406717293368928
0.00020287675679692873
0.00020168583845921228
0.00020049456488509823
0.0001993027992907028
0.00019811039785199125
0.00019691750582903291
0.00019572427574865927
0.00019453056554568892
0.00019333622566531814
0.0001921414068236778
0.0001909462674715785
0.00018975065992288885
0.0001885544285250067
0.0001873577297948562
0.00018616072849267088
0.0001849632709567496
0.0001837651950199021
0.00018256666338636743
0.0001813678475477056
0.00018016858746989665
0.00017896871403219264
0.0001777683965296934
0.0001765678136619586
0.00017536679858573456
0.00017416517472995123
0.0001729631184413608
0.0001717608161427498
0.00017055809370235744
0.00016935476655969778
0.00016815101861325908
0.00016694704457196908
0.00016574266249620012
0.0001645376792389326
0.00016333228679784448
0.00016212668879857434
0.00016092069491505724
0.00015971410274868015
0.0001585071130046633
0.00015729993893108933
0.0001560923811688125
0.00015488422732600794
0.00015367568749780026
0.00015246698533009855
0.00015125791171606014
0.00015004824345655338
0.00014883820078146815
0.0001476280186006776
0.0001464174772746366
0.0001452063418670587
0.00014399484358660255
0.00014278322958487924
0.00014157126879624406
0.00014035871351786487
0.00013914580687220704
0.00013793280935413794
0.00013671947747312703
0.00013550554959546783
0.00013429128181397667
0.00013307694920168848
0.0001318622947307687
0.0001306470415050077
0.00012943145978263522
0.00012821584063492806
0.00012699991221400942
0.00012578338086285866
0.00012456653235836003
0.00012334967536778497
0.00012213252179390342
0.00012091475948915162
0.00011969669128943947
0.00011847864531302922
0.00011726031555249967
0.00011604136940039414
0.00011482212851009023
0.00011360294257450937
0.00011238348579240958
0.00011116340280210408
0.00010994303610375294
0.00010872275943937553
0.00010750222502944086
0.00010628105208151206
0.00010505960630641925
0.00010383828837015325
0.0001026167259804689
0.00010139450980039637
0.00010017203147440819
0.00009894972199672517
0.00009772718159750818
0.00009650396868801947
0.00009528050408009697
0.00009405725310812147
0.00009283378503244959
0.00009160962163435861
0.00009038521667150535
0.00008916107464403503
0.00008793672969680667
0.00008671166168361792
0.00008548636185480232
0.00008426137968593586
0.00008303620923558068
0.00008181028202830811
0.0000805841322505439
0.00007935836144756649
0.00007813241759230656
0.00007690567600416272
0.00007567872043166394
0.00007445221326445332
0.0000732255490431918
0.00007199803708643254
0.00007077031886736136
0.00006954312858182437
0.00006831579826856591
0.00006708755888837758
0.00006585911978164549
0.00006463130093989452
0.00006340336048105832
0.00006217443516365883
0.0000609453150445173
0.0000597169239544935
0.00005848843159498838
0.00005725885981557603
0.000056029095864312055
0.000054800191289438415
0.00005357120854903823
0.00005234102691890624
0.00005111065241827895
0.000049881296613252134
0.00004865188980288174
0.000047421130766397783
0.000046190173157540074
0.00004496043352480971
0.00004373067625916888
0.00004249936596584965
0.000041267843605265406
0.00004003779541345441
0.00003880777288835908
0.00003757592764886457
0.00003634384403203014
0.00003511357516975683
0.000033883392029830765
0.00003265101194752722
0.000031418344803904304
0.00003018796452397356
0.00002895776036668345
0.0000277248171851196
0.000026491495993092962
0.000025261152341473777
0.000024031135364614084
0.000022797547247132167
0.000021563401381842216
0.0000203333195204997
0.000019103849941792555
0.000017869422945904873
0.000016634042116399845
0.000015404620276070694
0.00001417645944406267
0.000012940731532545217
0.000011702994097249033
0.000010475089632463817
9.250394760934295e-6
8.012154278467662e-6
6.76791089926497e-6
5.54391052975486e-6
4.332967874772241e-6
3.0899110148557673e-6
1.809734008331737e-6
6.456071397169651e-7