0.00006398215478513595
0.0001793383621366424
0.00030614976926376117
0.0004292074181160773
0.0005489820806603029
0.0006699189033042906
0.0007926955702754975
0.000914685006727388
0.0010351158521798793
0.0011556150424357507
0.001276803600175544
0.001397483770750148
0.0015170823439822516
0.0016364395102498616
0.0017559847342156962
0.0018750104117835724
0.001993098724656171
0.0021107662016983013
0.00222831827912247
0.002345275922743799
0.0024613208582108946
0.0025768034428513592
0.002691949404789122
0.0028064067155545215
0.002919923219337269
0.00303275160486679
0.003145063884868834
0.003256587056578135
0.003367115211917181
0.0034768382385380356
0.003585890266576267
0.0036940515349293654
0.0038011500255871493
0.003907332603310061
0.004012705661293241
0.00411708750865805
0.00422033196843641
0.004322555024339394
0.004423842139994154
0.004524040149968698
0.004623023261955558
0.004720884494375887
0.004817693130897316
0.004913318211865244
0.005007650505806527
0.005100765475442513
0.005192719648534256
0.005283399916237766
0.005372710853893462
0.005460714207503049
0.0055474562854730325
0.005632838731664576
0.0057167778998352
0.005799324628217269
0.005880516927707905
0.005960268933752038
0.0060385072571928445
0.006115273935566187
0.006190600165290663
0.006264410888702707
0.0063366418160998575
0.006407327797012049
0.006476494374459735
0.006544076021520556
0.0066100166572971315
0.006674345197390009
0.006737082450213803
0.006798171440313109
0.006857563605107881
0.006915282913158
0.006971346170254647
0.007025704193742233
0.00707831540193277
0.0071291995991135055
0.007178370172947788
0.007225785142251603
0.007271409488149845
0.007315259473669911
0.00735734553359612
0.0073976324263604456
0.00743609137275775
0.0074727355895078335
0.007507572924963013
0.007540574517510694
0.007571717581653294
0.007601012677572397
0.007628465349643133
0.007654052838951963
0.007677758172059224
0.007699589553771336
0.007719550433574095
0.00773762394604233
0.007753798803299443
0.007768081079282638
0.007780472271708373
0.007790961257190272
0.0077995423558435625
0.007806219667017424
0.007810992818622416
0.007813856328500596
0.007814810092302425
0.007813856328500596
0.007810992818622416
0.007806219667017424
0.0077995423558435625
0.007790961257190272
0.007780472271708373
0.007768081079282638
0.007753798803299443
0.00773762394604233
0.007719550433574095
0.007699589553771336
0.007677758172059224
0.007654052838951963
0.007628465349643133
0.007601012677572397
0.007571717581653294
0.007540574517510694
0.007507572924963013
0.0074727355895078335
0.00743609137275775
0.0073976324263604456
0.00735734553359612
0.007315259473669911
0.007271409488149845
0.007225785142251603
0.007178370172947788
0.0071291995991135055
0.00707831540193277
0.007025704193742233
0.006971346170254647
0.006915282913158
0.006857563605107881
0.006798171440313109
0.006737082450213803
0.006674345197390009
0.0066100166572971315
0.006544076021520556
0.006476494374459735
0.006407327797012049
0.0063366418160998575
0.006264410888702707
0.006190600165290663
0.006115273935566187
0.0060385072571928445
0.005960268933752038
0.005880516927707905
0.005799324628217269
0.0057167778998352
0.005632838731664576
0.0055474562854730325
0.005460714207503049
0.005372710853893462
0.005283399916237766
0.005192719648534256
0.005100765475442513
0.005007650505806527
0.004913318211865244
0.004817693130897316
0.004720884494375887
0.004623023261955558
0.004524040149968698
0.004423842139994154
0.004322555024339394
0.00422033196843641
0.00411708750865805
0.004012705661293241
0.003907332603310061
0.0038011500255871493
0.0036940515349293654
0.003585890266576267
0.0034768382385380356
0.003367115211917181
0.003256587056578135
0.003145063884868834
0.00303275160486679
0.002919923219337269
0.0028064067155545215
0.002691949404789122
0.0025768034428513592
0.0024613208582108946
0.002345275922743799
0.00222831827912247
0.0021107662016983013
0.001993098724656171
0.0018750104117835724
0.0017559847342156962
0.0016364395102498616
0.0015170823439822516
0.001397483770750148
0.001276803600175544
0.0011556150424357507
0.0010351158521798793
0.000914685006727388
0.0007926955702754975
0.0006699189033042906
0.0005489820806603029
0.0004292074181160773
0.00030614976926376117
0.0001793383621366424
0.00006398215478513595