9.423545215870374e-6
-0.000027583504470556566
0.00004458655153952469
-0.00006125359773066491
0.00007780592618767605
-0.00009340025415760504
0.00010760033841932521
-0.00012056154680358266
0.0001322825674874843
-0.00014244016740226729
0.0001508258207220289
-0.00015745180118340084
0.00016228640195387783
-0.00016521158318949636
0.00016618260682357277
-0.00016521158318949636
0.00016228640195387783
-0.00015745180118340084
0.0001508258207220289
-0.00014244016740226729
0.0001322825674874843
-0.00012056154680358266
0.00010760033841932521
-0.00009340025415760504
0.00007780592618767605
-0.00006125359773066491
0.00004458655153952469
-0.000027583504470556566
9.423545215870374e-6
-0.000027583504470556566
0.00008073922302573053
-0.00013050856291812134
0.00017929440015802117
-0.00022774444900197085
0.00027339035035016455
-0.00031495518383298037
0.00035289372407671814
-0.0003872021312661271
0.0004169342751929882
-0.00044147978333621175
0.0004608745819487626
-0.00047502586248182805
0.0004835881124463092
-0.0004864303797817972
0.0004835881124463092
-0.00047502586248182805
0.0004608745819487626
-0.00044147978333621175
0.0004169342751929882
-0.0003872021312661271
0.00035289372407671814
-0.00031495518383298037
0.00027339035035016455
-0.00022774444900197085
0.00017929440015802117
-0.00013050856291812134
0.00008073922302573053
-0.000027583504470556566
0.00004458655153952469
-0.00013050856291812134
0.00021095676124509156
-0.00028981520538577427
0.0003681308741645233
-0.00044191386048526875
0.0005091001236481503
-0.0005704247708378267
0.000625881595296895
-0.0006739412524369295
0.0007136171233930604
-0.0007449672801093782
0.0007678417049132059
-0.0007816819042157686
0.0007862762043772335
-0.0007816819042157686
0.0007678417049132059
-0.0007449672801093782
0.0007136171233930604
-0.0006739412524369295
0.000625881595296895
-0.0005704247708378267
0.0005091001236481503
-0.00044191386048526875
0.0003681308741645233
-0.00028981520538577427
0.00021095676124509156
-0.00013050856291812134
0.00004458655153952469
-0.00006125359773066491
0.00017929440015802117
-0.00028981520538577427
0.0003981519851606692
-0.0005057430929216939
0.000607107141214411
-0.0006994085234632163
0.0007836571396990222
-0.0008598444629959268
0.0009258694594103665
-0.000980376698818784
0.0010234459612306198
-0.00105487115037116
0.0010738850003173682
-0.001080196711006517
0.0010738850003173682
-0.00105487115037116
0.0010234459612306198
-0.000980376698818784
0.0009258694594103665
-0.0008598444629959268
0.0007836571396990222
-0.0006994085234632163
0.000607107141214411
-0.0005057430929216939
0.0003981519851606692
-0.00028981520538577427
0.00017929440015802117
-0.00006125359773066491
0.00007780592618767605
-0.00022774444900197085
0.0003681308741645233
-0.0005057430929216939
0.0006424081395319075
-0.0007711634119034257
0.0008884070482013106
-0.000995421849929036
0.0010921969859617065
-0.0011760636678854641
0.0012453001928117735
-0.0013000078994008242
0.001339924998759685
-0.0013640768895916843
0.0013720941900310349
-0.0013640768895916843
0.001339924998759685
-0.0013000078994008242
0.0012453001928117735
-0.0011760636678854641
0.0010921969859617065
-0.000995421849929036
0.0008884070482013106
-0.0007711634119034257
0.0006424081395319075
-0.0005057430929216939
0.0003681308741645233
-0.00022774444900197085
0.00007780592618767605
-0.00009340025415760504
0.00027339035035016455
-0.00044191386048526875
0.000607107141214411
-0.0007711634119034257
0.0009257245842057004
-0.0010664668896461665
0.0011949302364596954
-0.0013111016226827145
0.0014117773654036424
-0.001494890687768166
0.001560563239335406
-0.0016084807619204979
0.0016374733188197533
-0.001647097494449859
0.0016374733188197533
-0.0016084807619204979
0.001560563239335406
-0.001494890687768166
0.0014117773654036424
-0.0013111016226827145
0.0011949302364596954
-0.0010664668896461665
0.0009257245842057004
-0.0007711634119034257
0.000607107141214411
-0.00044191386048526875
0.00027339035035016455
-0.00009340025415760504
0.00010760033841932521
-0.00031495518383298037
0.0005091001236481503
-0.0006994085234632163
0.0008884070482013106
-0.0010664668896461665
0.001228606916264896
-0.001376601155855403
0.0015104346297038376
-0.0016264165837690742
0.0017221660192950912
-0.0017978230808012802
0.001853025731938303
-0.0018864261649685747
0.0018975135497315643
-0.0018864261649685747
0.001853025731938303
-0.0017978230808012802
0.0017221660192950912
-0.0016264165837690742
0.0015104346297038376
-0.001376601155855403
0.001228606916264896
-0.0010664668896461665
0.0008884070482013106
-0.0006994085234632163
0.0005091001236481503
-0.00031495518383298037
0.00010760033841932521
-0.00012056154680358266
0.00035289372407671814
-0.0005704247708378267
0.0007836571396990222
-0.000995421849929036
0.0011949302364596954
-0.001376601155855403
0.0015424223298885046
-0.0016923769755549927
0.0018223297618456314
-0.0019296128821607369
0.0020143833624008036
-0.0020762355564227395
0.0021136593036822165
-0.0021260822409765513
0.0021136593036822165
-0.0020762355564227395
0.0020143833624008036
-0.0019296128821607369
0.0018223297618456314
-0.0016923769755549927
0.0015424223298885046
-0.001376601155855403
0.0011949302364596954
-0.000995421849929036
0.0007836571396990222
-0.0005704247708378267
0.00035289372407671814
-0.00012056154680358266
0.0001322825674874843
-0.0003872021312661271
0.000625881595296895
-0.0008598444629959268
0.0010921969859617065
-0.0013111016226827145
0.0015104346297038376
-0.0016923769755549927
0.0018569102455847492
-0.0019994970709734826
0.002117210280364133
-0.002210222165750543
0.0022780876439803936
-0.0023191497363617367
0.00233278043441265
-0.0023191497363617367
0.0022780876439803936
-0.002210222165750543
0.002117210280364133
-0.0019994970709734826
0.0018569102455847492
-0.0016923769755549927
0.0015104346297038376
-0.0013111016226827145
0.0010921969859617065
-0.0008598444629959268
0.000625881595296895
-0.0003872021312661271
0.0001322825674874843
-0.00014244016740226729
0.0004169342751929882
-0.0006739412524369295
0.0009258694594103665
-0.0011760636678854641
0.0014117773654036424
-0.0016264165837690742
0.0018223297618456314
-0.0019994970709734826
0.002153032730762144
-0.0022797848007402896
0.002379938802711065
-0.002453015476860208
0.002497230609842407
-0.0025119079702010613
0.002497230609842407
-0.002453015476860208
0.002379938802711065
-0.0022797848007402896
0.002153032730762144
-0.0019994970709734826
0.0018223297618456314
-0.0016264165837690742
0.0014117773654036424
-0.0011760636678854641
0.0009258694594103665
-0.0006739412524369295
0.0004169342751929882
-0.00014244016740226729
0.0001508258207220289
-0.00044147978333621175
0.0007136171233930604
-0.000980376698818784
0.0012453001928117735
-0.001494890687768166
0.0017221660192950912
-0.0019296128821607369
0.002117210280364133
-0.0022797848007402896
0.002413998943641989
-0.002520049152802284
0.0025974279537064825
-0.0026442460938560963
0.0026597875310960233
-0.0026442460938560963
0.0025974279537064825
-0.002520049152802284
0.002413998943641989
-0.0022797848007402896
0.002117210280364133
-0.0019296128821607369
0.0017221660192950912
-0.001494890687768166
0.0012453001928117735
-0.000980376698818784
0.0007136171233930604
-0.00044147978333621175
0.0001508258207220289
-0.00015745180118340084
0.0004608745819487626
-0.0007449672801093782
0.0010234459612306198
-0.0013000078994008242
0.001560563239335406
-0.0017978230808012802
0.0020143833624008036
-0.002210222165750543
0.002379938802711065
-0.002520049152802284
0.0026307582897937463
-0.0027115364451351437
0.0027604113689334996
-0.0027766355623421012
0.0027604113689334996
-0.0027115364451351437
0.0026307582897937463
-0.002520049152802284
0.002379938802711065
-0.002210222165750543
0.0020143833624008036
-0.0017978230808012802
0.001560563239335406
-0.0013000078994008242
0.0010234459612306198
-0.0007449672801093782
0.0004608745819487626
-0.00015745180118340084
0.00016228640195387783
-0.00047502586248182805
0.0007678417049132059
-0.00105487115037116
0.001339924998759685
-0.0016084807619204979
0.001853025731938303
-0.0020762355564227395
0.0022780876439803936
-0.002453015476860208
0.0025974279537064825
-0.0027115364451351437
0.002794794915907143
-0.0028451705576552242
0.002861892919375424
-0.0028451705576552242
0.002794794915907143
-0.0027115364451351437
0.0025974279537064825
-0.002453015476860208
0.0022780876439803936
-0.0020762355564227395
0.001853025731938303
-0.0016084807619204979
0.001339924998759685
-0.00105487115037116
0.0007678417049132059
-0.00047502586248182805
0.00016228640195387783
-0.00016521158318949636
0.0004835881124463092
-0.0007816819042157686
0.0010738850003173682
-0.0013640768895916843
0.0016374733188197533
-0.0018864261649685747
0.0021136593036822165
-0.0023191497363617367
0.002497230609842407
-0.0026442460938560963
0.0027604113689334996
-0.0028451705576552242
0.0028964542106735018
-0.0029134779897529513
0.0028964542106735018
-0.0028451705576552242
0.0027604113689334996
-0.0026442460938560963
0.002497230609842407
-0.0023191497363617367
0.0021136593036822165
-0.0018864261649685747
0.0016374733188197533
-0.0013640768895916843
0.0010738850003173682
-0.0007816819042157686
0.0004835881124463092
-0.00016521158318949636
0.00016618260682357277
-0.0004864303797817972
0.0007862762043772335
-0.001080196711006517
0.0013720941900310349
-0.001647097494449859
0.0018975135497315643
-0.0021260822409765513
0.00233278043441265
-0.0025119079702010613
0.0026597875310960233
-0.0027766355623421012
0.002861892919375424
-0.0029134779897529513
0.0029306018253266756
-0.0029134779897529513
0.002861892919375424
-0.0027766355623421012
0.0026597875310960233
-0.0025119079702010613
0.00233278043441265
-0.0021260822409765513
0.0018975135497315643
-0.001647097494449859
0.0013720941900310349
-0.001080196711006517
0.0007862762043772335
-0.0004864303797817972
0.00016618260682357277
-0.00016521158318949636
0.0004835881124463092
-0.0007816819042157686
0.0010738850003173682
-0.0013640768895916843
0.0016374733188197533
-0.0018864261649685747
0.0021136593036822165
-0.0023191497363617367
0.002497230609842407
-0.0026442460938560963
0.0027604113689334996
-0.0028451705576552242
0.0028964542106735018
-0.0029134779897529513
0.0028964542106735018
-0.0028451705576552242
0.0027604113689334996
-0.0026442460938560963
0.002497230609842407
-0.0023191497363617367
0.0021136593036822165
-0.0018864261649685747
0.0016374733188197533
-0.0013640768895916843
0.0010738850003173682
-0.0007816819042157686
0.0004835881124463092
-0.00016521158318949636
0.00016228640195387783
-0.00047502586248182805
0.0007678417049132059
-0.00105487115037116
0.001339924998759685
-0.0016084807619204979
0.001853025731938303
-0.0020762355564227395
0.0022780876439803936
-0.002453015476860208
0.0025974279537064825
-0.0027115364451351437
0.002794794915907143
-0.0028451705576552242
0.002861892919375424
-0.0028451705576552242
0.002794794915907143
-0.0027115364451351437
0.0025974279537064825
-0.002453015476860208
0.0022780876439803936
-0.0020762355564227395
0.001853025731938303
-0.0016084807619204979
0.001339924998759685
-0.00105487115037116
0.0007678417049132059
-0.00047502586248182805
0.00016228640195387783
-0.00015745180118340084
0.0004608745819487626
-0.0007449672801093782
0.0010234459612306198
-0.0013000078994008242
0.001560563239335406
-0.0017978230808012802
0.0020143833624008036
-0.002210222165750543
0.002379938802711065
-0.002520049152802284
0.0026307582897937463
-0.0027115364451351437
0.0027604113689334996
-0.0027766355623421012
0.0027604113689334996
-0.0027115364451351437
0.0026307582897937463
-0.002520049152802284
0.002379938802711065
-0.002210222165750543
0.0020143833624008036
-0.0017978230808012802
0.001560563239335406
-0.0013000078994008242
0.0010234459612306198
-0.0007449672801093782
0.0004608745819487626
-0.00015745180118340084
0.0001508258207220289
-0.00044147978333621175
0.0007136171233930604
-0.000980376698818784
0.0012453001928117735
-0.001494890687768166
0.0017221660192950912
-0.0019296128821607369
0.002117210280364133
-0.0022797848007402896
0.002413998943641989
-0.002520049152802284
0.0025974279537064825
-0.0026442460938560963
0.0026597875310960233
-0.0026442460938560963
0.0025974279537064825
-0.002520049152802284
0.002413998943641989
-0.0022797848007402896
0.002117210280364133
-0.0019296128821607369
0.0017221660192950912
-0.001494890687768166
0.0012453001928117735
-0.000980376698818784
0.0007136171233930604
-0.00044147978333621175
0.0001508258207220289
-0.00014244016740226729
0.0004169342751929882
-0.0006739412524369295
0.0009258694594103665
-0.0011760636678854641
0.0014117773654036424
-0.0016264165837690742
0.0018223297618456314
-0.0019994970709734826
0.002153032730762144
-0.0022797848007402896
0.002379938802711065
-0.002453015476860208
0.002497230609842407
-0.0025119079702010613
0.002497230609842407
-0.002453015476860208
0.002379938802711065
-0.0022797848007402896
0.002153032730762144
-0.0019994970709734826
0.0018223297618456314
-0.0016264165837690742
0.0014117773654036424
-0.0011760636678854641
0.0009258694594103665
-0.0006739412524369295
0.0004169342751929882
-0.00014244016740226729
0.0001322825674874843
-0.0003872021312661271
0.000625881595296895
-0.0008598444629959268
0.0010921969859617065
-0.0013111016226827145
0.0015104346297038376
-0.0016923769755549927
0.0018569102455847492
-0.0019994970709734826
0.002117210280364133
-0.002210222165750543
0.0022780876439803936
-0.0023191497363617367
0.00233278043441265
-0.0023191497363617367
0.0022780876439803936
-0.002210222165750543
0.002117210280364133
-0.0019994970709734826
0.0018569102455847492
-0.0016923769755549927
0.0015104346297038376
-0.0013111016226827145
0.0010921969859617065
-0.0008598444629959268
0.000625881595296895
-0.0003872021312661271
0.0001322825674874843
-0.00012056154680358266
0.00035289372407671814
-0.0005704247708378267
0.0007836571396990222
-0.000995421849929036
0.0011949302364596954
-0.001376601155855403
0.0015424223298885046
-0.0016923769755549927
0.0018223297618456314
-0.0019296128821607369
0.0020143833624008036
-0.0020762355564227395
0.0021136593036822165
-0.0021260822409765513
0.0021136593036822165
-0.0020762355564227395
0.0020143833624008036
-0.0019296128821607369
0.0018223297618456314
-0.0016923769755549927
0.0015424223298885046
-0.001376601155855403
0.0011949302364596954
-0.000995421849929036
0.0007836571396990222
-0.0005704247708378267
0.00035289372407671814
-0.00012056154680358266
0.00010760033841932521
-0.00031495518383298037
0.0005091001236481503
-0.0006994085234632163
0.0008884070482013106
-0.0010664668896461665
0.001228606916264896
-0.001376601155855403
0.0015104346297038376
-0.0016264165837690742
0.0017221660192950912
-0.0017978230808012802
0.001853025731938303
-0.0018864261649685747
0.0018975135497315643
-0.0018864261649685747
0.001853025731938303
-0.0017978230808012802
0.0017221660192950912
-0.0016264165837690742
0.0015104346297038376
-0.001376601155855403
0.001228606916264896
-0.0010664668896461665
0.0008884070482013106
-0.0006994085234632163
0.0005091001236481503
-0.00031495518383298037
0.00010760033841932521
-0.00009340025415760504
0.00027339035035016455
-0.00044191386048526875
0.000607107141214411
-0.0007711634119034257
0.0009257245842057004
-0.0010664668896461665
0.0011949302364596954
-0.0013111016226827145
0.0014117773654036424
-0.001494890687768166
0.001560563239335406
-0.0016084807619204979
0.0016374733188197533
-0.001647097494449859
0.0016374733188197533
-0.0016084807619204979
0.001560563239335406
-0.001494890687768166
0.0014117773654036424
-0.0013111016226827145
0.0011949302364596954
-0.0010664668896461665
0.0009257245842057004
-0.0007711634119034257
0.000607107141214411
-0.00044191386048526875
0.00027339035035016455
-0.00009340025415760504
0.00007780592618767605
-0.00022774444900197085
0.0003681308741645233
-0.0005057430929216939
0.0006424081395319075
-0.0007711634119034257
0.0008884070482013106
-0.000995421849929036
0.0010921969859617065
-0.0011760636678854641
0.0012453001928117735
-0.0013000078994008242
0.001339924998759685
-0.0013640768895916843
0.0013720941900310349
-0.0013640768895916843
0.001339924998759685
-0.0013000078994008242
0.0012453001928117735
-0.0011760636678854641
0.0010921969859617065
-0.000995421849929036
0.0008884070482013106
-0.0007711634119034257
0.0006424081395319075
-0.0005057430929216939
0.0003681308741645233
-0.00022774444900197085
0.00007780592618767605
-0.00006125359773066491
0.00017929440015802117
-0.00028981520538577427
0.0003981519851606692
-0.0005057430929216939
0.000607107141214411
-0.0006994085234632163
0.0007836571396990222
-0.0008598444629959268
0.0009258694594103665
-0.000980376698818784
0.0010234459612306198
-0.00105487115037116
0.0010738850003173682
-0.001080196711006517
0.0010738850003173682
-0.00105487115037116
0.0010234459612306198
-0.000980376698818784
0.0009258694594103665
-0.0008598444629959268
0.0007836571396990222
-0.0006994085234632163
0.000607107141214411
-0.0005057430929216939
0.0003981519851606692
-0.00028981520538577427
0.00017929440015802117
-0.00006125359773066491
0.00004458655153952469
-0.00013050856291812134
0.00021095676124509156
-0.00028981520538577427
0.0003681308741645233
-0.00044191386048526875
0.0005091001236481503
-0.0005704247708378267
0.000625881595296895
-0.0006739412524369295
0.0007136171233930604
-0.0007449672801093782
0.0007678417049132059
-0.0007816819042157686
0.0007862762043772335
-0.0007816819042157686
0.0007678417049132059
-0.0007449672801093782
0.0007136171233930604
-0.0006739412524369295
0.000625881595296895
-0.0005704247708378267
0.0005091001236481503
-0.00044191386048526875
0.0003681308741645233
-0.00028981520538577427
0.00021095676124509156
-0.00013050856291812134
0.00004458655153952469
-0.000027583504470556566
0.00008073922302573053
-0.00013050856291812134
0.00017929440015802117
-0.00022774444900197085
0.00027339035035016455
-0.00031495518383298037
0.00035289372407671814
-0.0003872021312661271
0.0004169342751929882
-0.00044147978333621175
0.0004608745819487626
-0.00047502586248182805
0.0004835881124463092
-0.0004864303797817972
0.0004835881124463092
-0.00047502586248182805
0.0004608745819487626
-0.00044147978333621175
0.0004169342751929882
-0.0003872021312661271
0.00035289372407671814
-0.00031495518383298037
0.00027339035035016455
-0.00022774444900197085
0.00017929440015802117
-0.00013050856291812134
0.00008073922302573053
-0.000027583504470556566
9.423545215870374e-6
-0.000027583504470556566
0.00004458655153952469
-0.00006125359773066491
0.00007780592618767605
-0.00009340025415760504
0.00010760033841932521
-0.00012056154680358266
0.0001322825674874843
-0.00014244016740226729
0.0001508258207220289
-0.00015745180118340084
0.00016228640195387783
-0.00016521158318949636
0.00016618260682357277
-0.00016521158318949636
0.00016228640195387783
-0.00015745180118340084
0.0001508258207220289
-0.00014244016740226729
0.0001322825674874843
-0.00012056154680358266
0.00010760033841932521
-0.00009340025415760504
0.00007780592618767605
-0.00006125359773066491
0.00004458655153952469
-0.000027583504470556566
9.423545215870374e-6