0.00005115665155514149
-0.00014892163062371784
0.0002378818242418773
-0.00032134776927591655
0.00039977962276987246
-0.0004670841459948815
0.0005194049316104661
-0.0005576486093476198
0.0005824290518130228
-0.0005912998534964914
0.0005824290518130228
-0.0005576486093476198
0.0005194049316104661
-0.0004670841459948815
0.00039977962276987246
-0.00032134776927591655
0.0002378818242418773
-0.00014892163062371784
0.00005115665155514149
-0.00014892163062371784
0.0004335243100053544
-0.0006924954641266891
0.000935472364649989
-0.0011637945702691437
0.001359724113003511
-0.0015120346429643742
0.001623365441140755
-0.0016955035461054093
0.0017213272505794562
-0.0016955035461054093
0.001623365441140755
-0.0015120346429643742
0.001359724113003511
-0.0011637945702691437
0.000935472364649989
-0.0006924954641266891
0.0004335243100053544
-0.00014892163062371784
0.0002378818242418773
-0.0006924954641266891
0.0011061662674236553
-0.0014942884502324321
0.001859001773341609
-0.0021719722723438214
0.002415267397213122
-0.002593103036358238
0.0027083337381338802
-0.002749583554585937
0.0027083337381338802
-0.002593103036358238
0.002415267397213122
-0.0021719722723438214
0.001859001773341609
-0.0014942884502324321
0.0011061662674236553
-0.0006924954641266891
0.0002378818242418773
-0.00032134776927591655
0.000935472364649989
-0.0014942884502324321
0.002018591633334319
-0.0025112724557546664
0.00293405537338216
-0.0032627158160268223
0.0035029489070549664
-0.0036586107743948183
0.0037143339745264576
-0.0036586107743948183
0.0035029489070549664
-0.0032627158160268223
0.00293405537338216
-0.0025112724557546664
0.002018591633334319
-0.0014942884502324321
0.000935472364649989
-0.00032134776927591655
0.00039977962276987246
-0.0011637945702691437
0.001859001773341609
-0.0025112724557546664
0.0031242026583727504
-0.003650174865068049
0.004059051976852343
-0.004357919134774356
0.0045515736379470465
-0.004620897286834832
0.0045515736379470465
-0.004357919134774356
0.004059051976852343
-0.003650174865068049
0.0031242026583727504
-0.0025112724557546664
0.001859001773341609
-0.0011637945702691437
0.00039977962276987246
-0.0004670841459948815
0.001359724113003511
-0.0021719722723438214
0.00293405537338216
-0.003650174865068049
0.004264696629031829
-0.004742409863266771
0.005091592521093924
-0.005317849546416465
0.005398844113157151
-0.005317849546416465
0.005091592521093924
-0.004742409863266771
0.004264696629031829
-0.003650174865068049
0.00293405537338216
-0.0021719722723438214
0.001359724113003511
-0.0004670841459948815
0.0005194049316104661
-0.0015120346429643742
0.002415267397213122
-0.0032627158160268223
0.004059051976852343
-0.004742409863266771
0.0052736345085150245
-0.005661931127150976
0.005913532505129089
-0.006003599739822226
0.005913532505129089
-0.005661931127150976
0.0052736345085150245
-0.004742409863266771
0.004059051976852343
-0.0032627158160268223
0.002415267397213122
-0.0015120346429643742
0.0005194049316104661
-0.0005576486093476198
0.001623365441140755
-0.002593103036358238
0.0035029489070549664
-0.004357919134774356
0.005091592521093924
-0.005661931127150976
0.006078817945543976
-0.006348944680968704
0.006445643547532569
-0.006348944680968704
0.006078817945543976
-0.005661931127150976
0.005091592521093924
-0.004357919134774356
0.0035029489070549664
-0.002593103036358238
0.001623365441140755
-0.0005576486093476198
0.0005824290518130228
-0.0016955035461054093
0.0027083337381338802
-0.0036586107743948183
0.0045515736379470465
-0.005317849546416465
0.005913532505129089
-0.006348944680968704
0.0066310751404471706
-0.006732071051169648
0.0066310751404471706
-0.006348944680968704
0.005913532505129089
-0.005317849546416465
0.0045515736379470465
-0.0036586107743948183
0.0027083337381338802
-0.0016955035461054093
0.0005824290518130228
-0.0005912998534964914
0.0017213272505794562
-0.002749583554585937
0.0037143339745264576
-0.004620897286834832
0.005398844113157151
-0.006003599739822226
0.006445643547532569
-0.006732071051169648
0.006834605200227029
-0.006732071051169648
0.006445643547532569
-0.006003599739822226
0.005398844113157151
-0.004620897286834832
0.0037143339745264576
-0.002749583554585937
0.0017213272505794562
-0.0005912998534964914
0.0005824290518130228
-0.0016955035461054093
0.0027083337381338802
-0.0036586107743948183
0.0045515736379470465
-0.005317849546416465
0.005913532505129089
-0.006348944680968704
0.0066310751404471706
-0.006732071051169648
0.0066310751404471706
-0.006348944680968704
0.005913532505129089
-0.005317849546416465
0.0045515736379470465
-0.0036586107743948183
0.0027083337381338802
-0.0016955035461054093
0.0005824290518130228
-0.0005576486093476198
0.001623365441140755
-0.002593103036358238
0.0035029489070549664
-0.004357919134774356
0.005091592521093924
-0.005661931127150976
0.006078817945543976
-0.006348944680968704
0.006445643547532569
-0.006348944680968704
0.006078817945543976
-0.005661931127150976
0.005091592521093924
-0.004357919134774356
0.0035029489070549664
-0.002593103036358238
0.001623365441140755
-0.0005576486093476198
0.0005194049316104661
-0.0015120346429643742
0.002415267397213122
-0.0032627158160268223
0.004059051976852343
-0.004742409863266771
0.0052736345085150245
-0.005661931127150976
0.005913532505129089
-0.006003599739822226
0.005913532505129089
-0.005661931127150976
0.0052736345085150245
-0.004742409863266771
0.004059051976852343
-0.0032627158160268223
0.002415267397213122
-0.0015120346429643742
0.0005194049316104661
-0.0004670841459948815
0.001359724113003511
-0.0021719722723438214
0.00293405537338216
-0.003650174865068049
0.004264696629031829
-0.004742409863266771
0.005091592521093924
-0.005317849546416465
0.005398844113157151
-0.005317849546416465
0.005091592521093924
-0.004742409863266771
0.004264696629031829
-0.003650174865068049
0.00293405537338216
-0.0021719722723438214
0.001359724113003511
-0.0004670841459948815
0.00039977962276987246
-0.0011637945702691437
0.001859001773341609
-0.0025112724557546664
0.0031242026583727504
-0.003650174865068049
0.004059051976852343
-0.004357919134774356
0.0045515736379470465
-0.004620897286834832
0.0045515736379470465
-0.004357919134774356
0.004059051976852343
-0.003650174865068049
0.0031242026583727504
-0.0025112724557546664
0.001859001773341609
-0.0011637945702691437
0.00039977962276987246
-0.00032134776927591655
0.000935472364649989
-0.0014942884502324321
0.002018591633334319
-0.0025112724557546664
0.00293405537338216
-0.0032627158160268223
0.0035029489070549664
-0.0036586107743948183
0.0037143339745264576
-0.0036586107743948183
0.0035029489070549664
-0.0032627158160268223
0.00293405537338216
-0.0025112724557546664
0.002018591633334319
-0.0014942884502324321
0.000935472364649989
-0.00032134776927591655
0.0002378818242418773
-0.0006924954641266891
0.0011061662674236553
-0.0014942884502324321
0.001859001773341609
-0.0021719722723438214
0.002415267397213122
-0.002593103036358238
0.0027083337381338802
-0.002749583554585937
0.0027083337381338802
-0.002593103036358238
0.002415267397213122
-0.0021719722723438214
0.001859001773341609
-0.0014942884502324321
0.0011061662674236553
-0.0006924954641266891
0.0002378818242418773
-0.00014892163062371784
0.0004335243100053544
-0.0006924954641266891
0.000935472364649989
-0.0011637945702691437
0.001359724113003511
-0.0015120346429643742
0.001623365441140755
-0.0016955035461054093
0.0017213272505794562
-0.0016955035461054093
0.001623365441140755
-0.0015120346429643742
0.001359724113003511
-0.0011637945702691437
0.000935472364649989
-0.0006924954641266891
0.0004335243100053544
-0.00014892163062371784
0.00005115665155514149
-0.00014892163062371784
0.0002378818242418773
-0.00032134776927591655
0.00039977962276987246
-0.0004670841459948815
0.0005194049316104661
-0.0005576486093476198
0.0005824290518130228
-0.0005912998534964914
0.0005824290518130228
-0.0005576486093476198
0.0005194049316104661
-0.0004670841459948815
0.00039977962276987246
-0.00032134776927591655
0.0002378818242418773
-0.00014892163062371784
0.00005115665155514149