0.00023098154631895872
-0.0006659041410152242
0.0010435045655738705
-0.0013654680321626533
0.0016201883625729353
-0.0017792622139147926
0.001831919825253809
-0.0017792622139147926
0.0016201883625729353
-0.0013654680321626533
0.0010435045655738705
-0.0006659041410152242
0.00023098154631895872
-0.0006659041410152242
0.00191975650041281
-0.00300835292887161
0.003936551778839607
-0.004670893225262987
0.005129492355903097
-0.005281300680011382
0.005129492355903097
-0.004670893225262987
0.003936551778839607
-0.00300835292887161
0.00191975650041281
-0.0006659041410152242
0.0010435045655738705
-0.00300835292887161
0.004714237114292521
-0.006168770399256547
0.00731951959097151
-0.008038167001485543
0.008276058117551591
-0.008038167001485543
0.00731951959097151
-0.006168770399256547
0.004714237114292521
-0.00300835292887161
0.0010435045655738705
-0.0013654680321626533
0.003936551778839607
-0.006168770399256547
0.008072086175592082
-0.009577888149213213
0.01051826742289059
-0.010829557593379727
0.01051826742289059
-0.009577888149213213
0.008072086175592082
-0.006168770399256547
0.003936551778839607
-0.0013654680321626533
0.0016201883625729353
-0.004670893225262987
0.00731951959097151
-0.009577888149213213
0.011364588955482766
-0.012480390658437162
0.01284975024777229
-0.012480390658437162
0.011364588955482766
-0.009577888149213213
0.00731951959097151
-0.004670893225262987
0.0016201883625729353
-0.0017792622139147926
0.005129492355903097
-0.008038167001485543
0.01051826742289059
-0.012480390658437162
0.013705744360605336
-0.014111368531123035
0.013705744360605336
-0.012480390658437162
0.01051826742289059
-0.008038167001485543
0.005129492355903097
-0.0017792622139147926
0.001831919825253809
-0.005281300680011382
0.008276058117551591
-0.010829557593379727
0.01284975024777229
-0.014111368531123035
0.014528997227872898
-0.014111368531123035
0.01284975024777229
-0.010829557593379727
0.008276058117551591
-0.005281300680011382
0.001831919825253809
-0.0017792622139147926
0.005129492355903097
-0.008038167001485543
0.01051826742289059
-0.012480390658437162
0.013705744360605336
-0.014111368531123035
0.013705744360605336
-0.012480390658437162
0.01051826742289059
-0.008038167001485543
0.005129492355903097
-0.0017792622139147926
0.0016201883625729353
-0.004670893225262987
0.00731951959097151
-0.009577888149213213
0.011364588955482766
-0.012480390658437162
0.01284975024777229
-0.012480390658437162
0.011364588955482766
-0.009577888149213213
0.00731951959097151
-0.004670893225262987
0.0016201883625729353
-0.0013654680321626533
0.003936551778839607
-0.006168770399256547
0.008072086175592082
-0.009577888149213213
0.01051826742289059
-0.010829557593379727
0.01051826742289059
-0.009577888149213213
0.008072086175592082
-0.006168770399256547
0.003936551778839607
-0.0013654680321626533
0.0010435045655738705
-0.00300835292887161
0.004714237114292521
-0.006168770399256547
0.00731951959097151
-0.008038167001485543
0.008276058117551591
-0.008038167001485543
0.00731951959097151
-0.006168770399256547
0.004714237114292521
-0.00300835292887161
0.0010435045655738705
-0.0006659041410152242
0.00191975650041281
-0.00300835292887161
0.003936551778839607
-0.004670893225262987
0.005129492355903097
-0.005281300680011382
0.005129492355903097
-0.004670893225262987
0.003936551778839607
-0.00300835292887161
0.00191975650041281
-0.0006659041410152242
0.00023098154631895872
-0.0006659041410152242
0.0010435045655738705
-0.0013654680321626533
0.0016201883625729353
-0.0017792622139147926
0.001831919825253809
-0.0017792622139147926
0.0016201883625729353
-0.0013654680321626533
0.0010435045655738705
-0.0006659041410152242
0.00023098154631895872