0.00007940933680758345
-0.0002307514819723465
0.0003675077871820213
-0.000493388905510506
0.0006071333414043777
-0.0006997693244430787
0.0007666770859747183
-0.0008077271576064151
0.0008218186363272906
-0.0008077271576064151
0.0007666770859747183
-0.0006997693244430787
0.0006071333414043777
-0.000493388905510506
0.0003675077871820213
-0.0002307514819723465
0.00007940933680758345
-0.0002307514819723465
0.0006705287888432438
-0.00106792185828368
0.0014337132850150034
-0.0017642373543976474
0.002033423463103495
-0.0022278472645046897
0.0023471325430990376
-0.0023880802418048313
0.0023471325430990376
-0.0022278472645046897
0.002033423463103495
-0.0017642373543976474
0.0014337132850150034
-0.00106792185828368
0.0006705287888432438
-0.0002307514819723465
0.0003675077871820213
-0.00106792185828368
0.0017008324092504913
-0.002283412406826817
0.0028098236277253655
-0.003238544562928203
0.003548194843037922
-0.0037381752860881357
0.003803390893862069
-0.0037381752860881357
0.003548194843037922
-0.003238544562928203
0.0028098236277253655
-0.002283412406826817
0.0017008324092504913
-0.00106792185828368
0.0003675077871820213
-0.000493388905510506
0.0014337132850150034
-0.002283412406826817
0.003065541432120456
-0.003772262392019316
0.0043478315646104885
-0.004763545239593618
0.005018598999362035
-0.005106152674315449
0.005018598999362035
-0.004763545239593618
0.0043478315646104885
-0.003772262392019316
0.003065541432120456
-0.002283412406826817
0.0014337132850150034
-0.000493388905510506
0.0006071333414043777
-0.0017642373543976474
0.0028098236277253655
-0.003772262392019316
0.00464190873597175
-0.005350167942982213
0.005861719033290681
-0.006175572141207091
0.006283310184428186
-0.006175572141207091
0.005861719033290681
-0.005350167942982213
0.00464190873597175
-0.003772262392019316
0.0028098236277253655
-0.0017642373543976474
0.0006071333414043777
-0.0006997693244430787
0.002033423463103495
-0.003238544562928203
0.0043478315646104885
-0.005350167942982213
0.006166492847283917
-0.0067560960472255495
0.007117836644098399
-0.0072420132830345076
0.007117836644098399
-0.0067560960472255495
0.006166492847283917
-0.005350167942982213
0.0043478315646104885
-0.003238544562928203
0.002033423463103495
-0.0006997693244430787
0.0007666770859747183
-0.0022278472645046897
0.003548194843037922
-0.004763545239593618
0.005861719033290681
-0.0067560960472255495
0.007402073582140185
-0.0077984016534084636
0.007934451320577626
-0.0077984016534084636
0.007402073582140185
-0.0067560960472255495
0.005861719033290681
-0.004763545239593618
0.003548194843037922
-0.0022278472645046897
0.0007666770859747183
-0.0008077271576064151
0.0023471325430990376
-0.0037381752860881357
0.005018598999362035
-0.006175572141207091
0.007117836644098399
-0.0077984016534084636
0.008215950256779292
-0.008359284410057313
0.008215950256779292
-0.0077984016534084636
0.007117836644098399
-0.006175572141207091
0.005018598999362035
-0.0037381752860881357
0.0023471325430990376
-0.0008077271576064151
0.0008218186363272906
-0.0023880802418048313
0.003803390893862069
-0.005106152674315449
0.006283310184428186
-0.0072420132830345076
0.007934451320577626
-0.008359284410057313
0.008505119148033854
-0.008359284410057313
0.007934451320577626
-0.0072420132830345076
0.006283310184428186
-0.005106152674315449
0.003803390893862069
-0.0023880802418048313
0.0008218186363272906
-0.0008077271576064151
0.0023471325430990376
-0.0037381752860881357
0.005018598999362035
-0.006175572141207091
0.007117836644098399
-0.0077984016534084636
0.008215950256779292
-0.008359284410057313
0.008215950256779292
-0.0077984016534084636
0.007117836644098399
-0.006175572141207091
0.005018598999362035
-0.0037381752860881357
0.0023471325430990376
-0.0008077271576064151
0.0007666770859747183
-0.0022278472645046897
0.003548194843037922
-0.004763545239593618
0.005861719033290681
-0.0067560960472255495
0.007402073582140185
-0.0077984016534084636
0.007934451320577626
-0.0077984016534084636
0.007402073582140185
-0.0067560960472255495
0.005861719033290681
-0.004763545239593618
0.003548194843037922
-0.0022278472645046897
0.0007666770859747183
-0.0006997693244430787
0.002033423463103495
-0.003238544562928203
0.0043478315646104885
-0.005350167942982213
0.006166492847283917
-0.0067560960472255495
0.007117836644098399
-0.0072420132830345076
0.007117836644098399
-0.0067560960472255495
0.006166492847283917
-0.005350167942982213
0.0043478315646104885
-0.003238544562928203
0.002033423463103495
-0.0006997693244430787
0.0006071333414043777
-0.0017642373543976474
0.0028098236277253655
-0.003772262392019316
0.00464190873597175
-0.005350167942982213
0.005861719033290681
-0.006175572141207091
0.006283310184428186
-0.006175572141207091
0.005861719033290681
-0.005350167942982213
0.00464190873597175
-0.003772262392019316
0.0028098236277253655
-0.0017642373543976474
0.0006071333414043777
-0.000493388905510506
0.0014337132850150034
-0.002283412406826817
0.003065541432120456
-0.003772262392019316
0.0043478315646104885
-0.004763545239593618
0.005018598999362035
-0.005106152674315449
0.005018598999362035
-0.004763545239593618
0.0043478315646104885
-0.003772262392019316
0.003065541432120456
-0.002283412406826817
0.0014337132850150034
-0.000493388905510506
0.0003675077871820213
-0.00106792185828368
0.0017008324092504913
-0.002283412406826817
0.0028098236277253655
-0.003238544562928203
0.003548194843037922
-0.0037381752860881357
0.003803390893862069
-0.0037381752860881357
0.003548194843037922
-0.003238544562928203
0.0028098236277253655
-0.002283412406826817
0.0017008324092504913
-0.00106792185828368
0.0003675077871820213
-0.0002307514819723465
0.0006705287888432438
-0.00106792185828368
0.0014337132850150034
-0.0017642373543976474
0.002033423463103495
-0.0022278472645046897
0.0023471325430990376
-0.0023880802418048313
0.0023471325430990376
-0.0022278472645046897
0.002033423463103495
-0.0017642373543976474
0.0014337132850150034
-0.00106792185828368
0.0006705287888432438
-0.0002307514819723465
0.00007940933680758345
-0.0002307514819723465
0.0003675077871820213
-0.000493388905510506
0.0006071333414043777
-0.0006997693244430787
0.0007666770859747183
-0.0008077271576064151
0.0008218186363272906
-0.0008077271576064151
0.0007666770859747183
-0.0006997693244430787
0.0006071333414043777
-0.000493388905510506
0.0003675077871820213
-0.0002307514819723465
0.00007940933680758345