0.0009915373984501518
-0.0027993637792944983
0.004200564694997897
-0.005119996954688027
0.005454517281068949
-0.005119996954688027
0.004200564694997897
-0.0027993637792944983
0.0009915373984501518
-0.0027993637792944983
0.007903320218758187
-0.011859268927365142
0.014455061450485831
-0.015399497925168744
0.014455061450485831
-0.011859268927365142
0.007903320218758187
-0.0027993637792944983
0.004200564694997897
-0.011859268927365142
0.01779533861702327
-0.021690435963359688
0.023107603157407303
-0.021690435963359688
0.01779533861702327
-0.011859268927365142
0.004200564694997897
-0.005119996954688027
0.014455061450485831
-0.021690435963359688
0.026438103955523738
-0.028165464975923687
0.026438103955523738
-0.021690435963359688
0.014455061450485831
-0.005119996954688027
0.005454517281068949
-0.015399497925168744
0.023107603157407303
-0.028165464975923687
0.030005684925232333
-0.028165464975923687
0.023107603157407303
-0.015399497925168744
0.005454517281068949
-0.005119996954688027
0.014455061450485831
-0.021690435963359688
0.026438103955523738
-0.028165464975923687
0.026438103955523738
-0.021690435963359688
0.014455061450485831
-0.005119996954688027
0.004200564694997897
-0.011859268927365142
0.01779533861702327
-0.021690435963359688
0.023107603157407303
-0.021690435963359688
0.01779533861702327
-0.011859268927365142
0.004200564694997897
-0.0027993637792944983
0.007903320218758187
-0.011859268927365142
0.014455061450485831
-0.015399497925168744
0.014455061450485831
-0.011859268927365142
0.007903320218758187
-0.0027993637792944983
0.0009915373984501518
-0.0027993637792944983
0.004200564694997897
-0.005119996954688027
0.005454517281068949
-0.005119996954688027
0.004200564694997897
-0.0027993637792944983
0.0009915373984501518