0.00003419114455956127
-0.00009973533602884755
0.0001600876090740529
-0.0002175544147297034
0.00027226714017904624
-0.00032072314286744983
0.00036104851635073023
-0.0003934003481920992
0.0004174282601521968
-0.00043207340154729194
0.00043692794609960885
-0.00043207340154729194
0.0004174282601521968
-0.0003934003481920992
0.00036104851635073023
-0.00032072314286744983
0.00027226714017904624
-0.0002175544147297034
0.0001600876090740529
-0.00009973533602884755
0.00003419114455956127
-0.00009973533602884755
0.0002909272965536189
-0.00046697446636341343
0.0006346047474318493
-0.0007942013952784434
0.0009355472254048356
-0.001053176065464215
0.001147546138809578
-0.0012176353945008373
0.0012603551722984291
-0.0012745158457251086
0.0012603551722984291
-0.0012176353945008373
0.001147546138809578
-0.001053176065464215
0.0009355472254048356
-0.0007942013952784434
0.0006346047474318493
-0.00046697446636341343
0.0002909272965536189
-0.00009973533602884755
0.0001600876090740529
-0.00046697446636341343
0.000749552052415283
-0.0010186194860167042
0.001274791939906115
-0.001501669563208818
0.001690478469992002
-0.0018419541656835717
0.0019544561315078834
-0.0020230266839328854
0.002045756324620113
-0.0020230266839328854
0.0019544561315078834
-0.0018419541656835717
0.001690478469992002
-0.001501669563208818
0.001274791939906115
-0.0010186194860167042
0.000749552052415283
-0.00046697446636341343
0.0001600876090740529
-0.0002175544147297034
0.0006346047474318493
-0.0010186194860167042
0.0013842743195079256
-0.0017324052498037398
0.002040725355515692
-0.002297311180293485
0.0025031622546680806
-0.0026560491612338945
0.002749234551950881
-0.002780123473993803
0.002749234551950881
-0.0026560491612338945
0.0025031622546680806
-0.002297311180293485
0.002040725355515692
-0.0017324052498037398
0.0013842743195079256
-0.0010186194860167042
0.0006346047474318493
-0.0002175544147297034
0.00027226714017904624
-0.0007942013952784434
0.001274791939906115
-0.0017324052498037398
0.002168087572855082
-0.0025539470533266274
0.002875061606711019
-0.003132682135314814
0.0033240185459007024
-0.003440639115832611
0.0034792962880085417
-0.003440639115832611
0.0033240185459007024
-0.003132682135314814
0.002875061606711019
-0.0025539470533266274
0.002168087572855082
-0.0017324052498037398
0.001274791939906115
-0.0007942013952784434
0.00027226714017904624
-0.00032072314286744983
0.0009355472254048356
-0.001501669563208818
0.002040725355515692
-0.0025539470533266274
0.003008478823854107
-0.0033867428652444597
0.003690212705735118
-0.003915601692844352
0.004052977491065754
-0.004098514568167601
0.004052977491065754
-0.003915601692844352
0.003690212705735118
-0.0033867428652444597
0.003008478823854107
-0.0025539470533266274
0.002040725355515692
-0.001501669563208818
0.0009355472254048356
-0.00032072314286744983
0.00036104851635073023
-0.001053176065464215
0.001690478469992002
-0.002297311180293485
0.002875061606711019
-0.0033867428652444597
0.0038125670502776586
-0.00415419296067112
0.004407920704388119
-0.004562569126971186
0.004613831701849873
-0.004562569126971186
0.004407920704388119
-0.00415419296067112
0.0038125670502776586
-0.0033867428652444597
0.002875061606711019
-0.002297311180293485
0.001690478469992002
-0.001053176065464215
0.00036104851635073023
-0.0003934003481920992
0.001147546138809578
-0.0018419541656835717
0.0025031622546680806
-0.003132682135314814
0.003690212705735118
-0.00415419296067112
0.004526430336020631
-0.0048028934101059404
0.004971399138661372
-0.005027255107854467
0.004971399138661372
-0.0048028934101059404
0.004526430336020631
-0.00415419296067112
0.003690212705735118
-0.003132682135314814
0.0025031622546680806
-0.0018419541656835717
0.001147546138809578
-0.0003934003481920992
0.0004174282601521968
-0.0012176353945008373
0.0019544561315078834
-0.0026560491612338945
0.0033240185459007024
-0.003915601692844352
0.004407920704388119
-0.0048028934101059404
0.005096242159140108
-0.005275039797270884
0.005334307309733795
-0.005275039797270884
0.005096242159140108
-0.0048028934101059404
0.004407920704388119
-0.003915601692844352
0.0033240185459007024
-0.0026560491612338945
0.0019544561315078834
-0.0012176353945008373
0.0004174282601521968
-0.00043207340154729194
0.0012603551722984291
-0.0020230266839328854
0.002749234551950881
-0.003440639115832611
0.004052977491065754
-0.004562569126971186
0.004971399138661372
-0.005275039797270884
0.005460110409566322
-0.005521457275975796
0.005460110409566322
-0.005275039797270884
0.004971399138661372
-0.004562569126971186
0.004052977491065754
-0.003440639115832611
0.002749234551950881
-0.0020230266839328854
0.0012603551722984291
-0.00043207340154729194
0.00043692794609960885
-0.0012745158457251086
0.002045756324620113
-0.002780123473993803
0.0034792962880085417
-0.004098514568167601
0.004613831701849873
-0.005027255107854467
0.005334307309733795
-0.005521457275975796
0.005583493402809688
-0.005521457275975796
0.005334307309733795
-0.005027255107854467
0.004613831701849873
-0.004098514568167601
0.0034792962880085417
-0.002780123473993803
0.002045756324620113
-0.0012745158457251086
0.00043692794609960885
-0.00043207340154729194
0.0012603551722984291
-0.0020230266839328854
0.002749234551950881
-0.003440639115832611
0.004052977491065754
-0.004562569126971186
0.004971399138661372
-0.005275039797270884
0.005460110409566322
-0.005521457275975796
0.005460110409566322
-0.005275039797270884
0.004971399138661372
-0.004562569126971186
0.004052977491065754
-0.003440639115832611
0.002749234551950881
-0.0020230266839328854
0.0012603551722984291
-0.00043207340154729194
0.0004174282601521968
-0.0012176353945008373
0.0019544561315078834
-0.0026560491612338945
0.0033240185459007024
-0.003915601692844352
0.004407920704388119
-0.0048028934101059404
0.005096242159140108
-0.005275039797270884
0.005334307309733795
-0.005275039797270884
0.005096242159140108
-0.0048028934101059404
0.004407920704388119
-0.003915601692844352
0.0033240185459007024
-0.0026560491612338945
0.0019544561315078834
-0.0012176353945008373
0.0004174282601521968
-0.0003934003481920992
0.001147546138809578
-0.0018419541656835717
0.0025031622546680806
-0.003132682135314814
0.003690212705735118
-0.00415419296067112
0.004526430336020631
-0.0048028934101059404
0.004971399138661372
-0.005027255107854467
0.004971399138661372
-0.0048028934101059404
0.004526430336020631
-0.00415419296067112
0.003690212705735118
-0.003132682135314814
0.0025031622546680806
-0.0018419541656835717
0.001147546138809578
-0.0003934003481920992
0.00036104851635073023
-0.001053176065464215
0.001690478469992002
-0.002297311180293485
0.002875061606711019
-0.0033867428652444597
0.0038125670502776586
-0.00415419296067112
0.004407920704388119
-0.004562569126971186
0.004613831701849873
-0.004562569126971186
0.004407920704388119
-0.00415419296067112
0.0038125670502776586
-0.0033867428652444597
0.002875061606711019
-0.002297311180293485
0.001690478469992002
-0.001053176065464215
0.00036104851635073023
-0.00032072314286744983
0.0009355472254048356
-0.001501669563208818
0.002040725355515692
-0.0025539470533266274
0.003008478823854107
-0.0033867428652444597
0.003690212705735118
-0.003915601692844352
0.004052977491065754
-0.004098514568167601
0.004052977491065754
-0.003915601692844352
0.003690212705735118
-0.0033867428652444597
0.003008478823854107
-0.0025539470533266274
0.002040725355515692
-0.001501669563208818
0.0009355472254048356
-0.00032072314286744983
0.00027226714017904624
-0.0007942013952784434
0.001274791939906115
-0.0017324052498037398
0.002168087572855082
-0.0025539470533266274
0.002875061606711019
-0.003132682135314814
0.0033240185459007024
-0.003440639115832611
0.0034792962880085417
-0.003440639115832611
0.0033240185459007024
-0.003132682135314814
0.002875061606711019
-0.0025539470533266274
0.002168087572855082
-0.0017324052498037398
0.001274791939906115
-0.0007942013952784434
0.00027226714017904624
-0.0002175544147297034
0.0006346047474318493
-0.0010186194860167042
0.0013842743195079256
-0.0017324052498037398
0.002040725355515692
-0.002297311180293485
0.0025031622546680806
-0.0026560491612338945
0.002749234551950881
-0.002780123473993803
0.002749234551950881
-0.0026560491612338945
0.0025031622546680806
-0.002297311180293485
0.002040725355515692
-0.0017324052498037398
0.0013842743195079256
-0.0010186194860167042
0.0006346047474318493
-0.0002175544147297034
0.0001600876090740529
-0.00046697446636341343
0.000749552052415283
-0.0010186194860167042
0.001274791939906115
-0.001501669563208818
0.001690478469992002
-0.0018419541656835717
0.0019544561315078834
-0.0020230266839328854
0.002045756324620113
-0.0020230266839328854
0.0019544561315078834
-0.0018419541656835717
0.001690478469992002
-0.001501669563208818
0.001274791939906115
-0.0010186194860167042
0.000749552052415283
-0.00046697446636341343
0.0001600876090740529
-0.00009973533602884755
0.0002909272965536189
-0.00046697446636341343
0.0006346047474318493
-0.0007942013952784434
0.0009355472254048356
-0.001053176065464215
0.001147546138809578
-0.0012176353945008373
0.0012603551722984291
-0.0012745158457251086
0.0012603551722984291
-0.0012176353945008373
0.001147546138809578
-0.001053176065464215
0.0009355472254048356
-0.0007942013952784434
0.0006346047474318493
-0.00046697446636341343
0.0002909272965536189
-0.00009973533602884755
0.00003419114455956127
-0.00009973533602884755
0.0001600876090740529
-0.0002175544147297034
0.00027226714017904624
-0.00032072314286744983
0.00036104851635073023
-0.0003934003481920992
0.0004174282601521968
-0.00043207340154729194
0.00043692794609960885
-0.00043207340154729194
0.0004174282601521968
-0.0003934003481920992
0.00036104851635073023
-0.00032072314286744983
0.00027226714017904624
-0.0002175544147297034
0.0001600876090740529
-0.00009973533602884755
0.00003419114455956127