7.2293224459239134e-6
-0.000021167501290992656
0.00003422879851174641
-0.00004707941509193976
0.00005994512257189504
-0.00007216268216541342
0.00008336380069419547
-0.00009372484499148864
0.00010331440287880643
-0.00011183639400102125
0.00011906337749786105
-0.0001250726558523838
0.00012992357980471547
-0.0001334393218622535
0.00013547195402555882
-0.00013611508635041967
0.00013547195402555882
-0.0001334393218622535
0.00012992357980471547
-0.0001250726558523838
0.00011906337749786105
-0.00011183639400102125
0.00010331440287880643
-0.00009372484499148864
0.00008336380069419547
-0.00007216268216541342
0.00005994512257189504
-0.00004707941509193976
0.00003422879851174641
-0.000021167501290992656
7.2293224459239134e-6
-0.000021167501290992656
0.00006197857603609944
-0.0001002221359063924
0.00013784882154477666
-0.0001755196934319529
0.0002112927842579672
-0.00024408972929563654
0.0002744269317346621
-0.0003025052171449771
0.0003274576603968365
-0.000348618313230297
0.0003662135177987436
-0.0003804170534400931
0.00039071116815117405
-0.00039666272782536426
0.0003985458232908939
-0.00039666272782536426
0.00039071116815117405
-0.0003804170534400931
0.0003662135177987436
-0.000348618313230297
0.0003274576603968365
-0.0003025052171449771
0.0002744269317346621
-0.00024408972929563654
0.0002112927842579672
-0.0001755196934319529
0.00013784882154477666
-0.0001002221359063924
0.00006197857603609944
-0.000021167501290992656
0.00003422879851174641
-0.0001002221359063924
0.0001620636866485764
-0.00022290772410372566
0.00028382321270401
-0.0003416699042522039
0.0003947040346421192
-0.00044376065098149497
0.0004891644972197823
-0.0005295137165585393
0.0005637314408074445
-0.0005921836753752818
0.0006151514292418677
-0.0006317974742076158
0.0006414214130050202
-0.0006444664627906283
0.0006414214130050202
-0.0006317974742076158
0.0006151514292418677
-0.0005921836753752818
0.0005637314408074445
-0.0005295137165585393
0.0004891644972197823
-0.00044376065098149497
0.0003947040346421192
-0.0003416699042522039
0.00028382321270401
-0.00022290772410372566
0.0001620636866485764
-0.0001002221359063924
0.00003422879851174641
-0.00004707941509193976
0.00013784882154477666
-0.00022290772410372566
0.0003065946140843214
-0.000390379780319617
0.000469944022171642
-0.0005428889091448157
0.0006103629924917648
-0.0006728129357198153
0.0007283105788881305
-0.0007753747620747799
0.0008145089011551439
-0.000846099505121083
0.0008689950227745177
-0.0008822321046810573
0.0008864203662930759
-0.0008822321046810573
0.0008689950227745177
-0.000846099505121083
0.0008145089011551439
-0.0007753747620747799
0.0007283105788881305
-0.0006728129357198153
0.0006103629924917648
-0.0005428889091448157
0.000469944022171642
-0.000390379780319617
0.0003065946140843214
-0.00022290772410372566
0.00013784882154477666
-0.00004707941509193976
0.00005994512257189504
-0.0001755196934319529
0.00028382321270401
-0.000390379780319617
0.000497061480801093
-0.000598368776587274
0.0006912478019970132
-0.0007771609805860057
0.0008566770385935803
-0.0009273408948814958
0.0009872666230231956
-0.0010370952107262668
0.001077318790886731
-0.0011064711201882287
0.0011233255882361459
-0.0011286584041856498
0.0011233255882361459
-0.0011064711201882287
0.001077318790886731
-0.0010370952107262668
0.0009872666230231956
-0.0009273408948814958
0.0008566770385935803
-0.0007771609805860057
0.0006912478019970132
-0.000598368776587274
0.000497061480801093
-0.000390379780319617
0.00028382321270401
-0.0001755196934319529
0.00005994512257189504
-0.00007216268216541342
0.0002112927842579672
-0.0003416699042522039
0.000469944022171642
-0.000598368776587274
0.0007203237559617469
-0.0008321326789051917
0.000935556029035175
-0.001031278446053594
0.0011163444728311935
-0.0011884838077409518
0.0012484680797366522
-0.001296889724503386
0.0013319836601483148
-0.0013522732778624203
0.0013586929878554922
-0.0013522732778624203
0.0013319836601483148
-0.001296889724503386
0.0012484680797366522
-0.0011884838077409518
0.0011163444728311935
-0.001031278446053594
0.000935556029035175
-0.0008321326789051917
0.0007203237559617469
-0.000598368776587274
0.000469944022171642
-0.0003416699042522039
0.0002112927842579672
-0.00007216268216541342
0.00008336380069419547
-0.00024408972929563654
0.0003947040346421192
-0.0005428889091448157
0.0006912478019970132
-0.0008321326789051917
0.000961296624706493
-0.0010807733859443701
0.0011913538723514396
-0.0012896238796369184
0.0013729607091056996
-0.0014422557622465134
0.0014981934328331787
-0.0015387346623009625
0.0015621736420689677
-0.0015695898218494012
0.0015621736420689677
-0.0015387346623009625
0.0014981934328331787
-0.0014422557622465134
0.0013729607091056996
-0.0012896238796369184
0.0011913538723514396
-0.0010807733859443701
0.000961296624706493
-0.0008321326789051917
0.0006912478019970132
-0.0005428889091448157
0.0003947040346421192
-0.00024408972929563654
0.00008336380069419547
-0.00009372484499148864
0.0002744269317346621
-0.00044376065098149497
0.0006103629924917648
-0.0007771609805860057
0.000935556029035175
-0.0010807733859443701
0.0012150995662991108
-0.0013394237797020587
0.0014499074803424649
-0.0015436020019333873
0.0016215095356616565
-0.0016843995366124553
0.0017299795175633114
-0.0017563316599467128
0.001764669575139662
-0.0017563316599467128
0.0017299795175633114
-0.0016843995366124553
0.0016215095356616565
-0.0015436020019333873
0.0014499074803424649
-0.0013394237797020587
0.0012150995662991108
-0.0010807733859443701
0.000935556029035175
-0.0007771609805860057
0.0006103629924917648
-0.00044376065098149497
0.0002744269317346621
-0.00009372484499148864
0.00010331440287880643
-0.0003025052171449771
0.0004891644972197823
-0.0006728129357198153
0.0008566770385935803
-0.001031278446053594
0.0011913538723514396
-0.0013394237797020587
0.0014764683581408849
-0.0015982563169317577
0.0017015372938387948
-0.0017874160203133764
0.0018567406790617519
-0.0019069842245762066
0.001936032614628659
-0.0019452236325438331
0.001936032614628659
-0.0019069842245762066
0.0018567406790617519
-0.0017874160203133764
0.0017015372938387948
-0.0015982563169317577
0.0014764683581408849
-0.0013394237797020587
0.0011913538723514396
-0.001031278446053594
0.0008566770385935803
-0.0006728129357198153
0.0004891644972197823
-0.0003025052171449771
0.00010331440287880643
-0.00011183639400102125
0.0003274576603968365
-0.0005295137165585393
0.0007283105788881305
-0.0009273408948814958
0.0011163444728311935
-0.0012896238796369184
0.0014499074803424649
-0.0015982563169317577
0.0017300900764502015
-0.001841890287304977
0.0019348528058183317
-0.0020098957778893643
0.002064283712152066
-0.0020957281875057326
0.0021056773356611705
-0.0020957281875057326
0.002064283712152066
-0.0020098957778893643
0.0019348528058183317
-0.001841890287304977
0.0017300900764502015
-0.0015982563169317577
0.0014499074803424649
-0.0012896238796369184
0.0011163444728311935
-0.0009273408948814958
0.0007283105788881305
-0.0005295137165585393
0.0003274576603968365
-0.00011183639400102125
0.00011906337749786105
-0.000348618313230297
0.0005637314408074445
-0.0007753747620747799
0.0009872666230231956
-0.0011884838077409518
0.0013729607091056996
-0.0015436020019333873
0.0017015372938387948
-0.001841890287304977
0.0019609151434642432
-0.002059884996111731
0.002139777322684539
-0.002197679861534189
0.002231156311420633
-0.0022417483838242033
0.002231156311420633
-0.002197679861534189
0.002139777322684539
-0.002059884996111731
0.0019609151434642432
-0.001841890287304977
0.0017015372938387948
-0.0015436020019333873
0.0013729607091056996
-0.0011884838077409518
0.0009872666230231956
-0.0007753747620747799
0.0005637314408074445
-0.000348618313230297
0.00011906337749786105
-0.0001250726558523838
0.0003662135177987436
-0.0005921836753752818
0.0008145089011551439
-0.0010370952107262668
0.0012484680797366522
-0.0014422557622465134
0.0016215095356616565
-0.0017874160203133764
0.0019348528058183317
-0.002059884996111731
0.0021638499816519973
-0.002247774574391411
0.00230859952717466
-0.0023437655755750757
0.0023548922431897174
-0.0023437655755750757
0.00230859952717466
-0.002247774574391411
0.0021638499816519973
-0.002059884996111731
0.0019348528058183317
-0.0017874160203133764
0.0016215095356616565
-0.0014422557622465134
0.0012484680797366522
-0.0010370952107262668
0.0008145089011551439
-0.0005921836753752818
0.0003662135177987436
-0.0001250726558523838
0.00012992357980471547
-0.0003804170534400931
0.0006151514292418677
-0.000846099505121083
0.001077318790886731
-0.001296889724503386
0.0014981934328331787
-0.0016843995366124553
0.0018567406790617519
-0.0020098957778893643
0.002139777322684539
-0.002247774574391411
0.002334954169707805
-0.0023981382090423457
0.002434668167286459
-0.0024462263810138274
0.002434668167286459
-0.0023981382090423457
0.002334954169707805
-0.002247774574391411
0.002139777322684539
-0.0020098957778893643
0.0018567406790617519
-0.0016843995366124553
0.0014981934328331787
-0.001296889724503386
0.001077318790886731
-0.000846099505121083
0.0006151514292418677
-0.0003804170534400931
0.00012992357980471547
-0.0001334393218622535
0.00039071116815117405
-0.0006317974742076158
0.0008689950227745177
-0.0011064711201882287
0.0013319836601483148
-0.0015387346623009625
0.0017299795175633114
-0.0019069842245762066
0.002064283712152066
-0.002197679861534189
0.00230859952717466
-0.0023981382090423457
0.002463032013338624
-0.002500550475061105
0.0025124214549404867
-0.002500550475061105
0.002463032013338624
-0.0023981382090423457
0.00230859952717466
-0.002197679861534189
0.002064283712152066
-0.0019069842245762066
0.0017299795175633114
-0.0015387346623009625
0.0013319836601483148
-0.0011064711201882287
0.0008689950227745177
-0.0006317974742076158
0.00039071116815117405
-0.0001334393218622535
0.00013547195402555882
-0.00039666272782536426
0.0006414214130050202
-0.0008822321046810573
0.0011233255882361459
-0.0013522732778624203
0.0015621736420689677
-0.0017563316599467128
0.001936032614628659
-0.0020957281875057326
0.002231156311420633
-0.0023437655755750757
0.002434668167286459
-0.002500550475061105
0.0025386404417264362
-0.002550692247880832
0.0025386404417264362
-0.002500550475061105
0.002434668167286459
-0.0023437655755750757
0.002231156311420633
-0.0020957281875057326
0.001936032614628659
-0.0017563316599467128
0.0015621736420689677
-0.0013522732778624203
0.0011233255882361459
-0.0008822321046810573
0.0006414214130050202
-0.00039666272782536426
0.00013547195402555882
-0.00013611508635041967
0.0003985458232908939
-0.0006444664627906283
0.0008864203662930759
-0.0011286584041856498
0.0013586929878554922
-0.0015695898218494012
0.001764669575139662
-0.0019452236325438331
0.0021056773356611705
-0.0022417483838242033
0.0023548922431897174
-0.0024462263810138274
0.0025124214549404867
-0.002550692247880832
0.002562801268136601
-0.002550692247880832
0.0025124214549404867
-0.0024462263810138274
0.0023548922431897174
-0.0022417483838242033
0.0021056773356611705
-0.0019452236325438331
0.001764669575139662
-0.0015695898218494012
0.0013586929878554922
-0.0011286584041856498
0.0008864203662930759
-0.0006444664627906283
0.0003985458232908939
-0.00013611508635041967
0.00013547195402555882
-0.00039666272782536426
0.0006414214130050202
-0.0008822321046810573
0.0011233255882361459
-0.0013522732778624203
0.0015621736420689677
-0.0017563316599467128
0.001936032614628659
-0.0020957281875057326
0.002231156311420633
-0.0023437655755750757
0.002434668167286459
-0.002500550475061105
0.0025386404417264362
-0.002550692247880832
0.0025386404417264362
-0.002500550475061105
0.002434668167286459
-0.0023437655755750757
0.002231156311420633
-0.0020957281875057326
0.001936032614628659
-0.0017563316599467128
0.0015621736420689677
-0.0013522732778624203
0.0011233255882361459
-0.0008822321046810573
0.0006414214130050202
-0.00039666272782536426
0.00013547195402555882
-0.0001334393218622535
0.00039071116815117405
-0.0006317974742076158
0.0008689950227745177
-0.0011064711201882287
0.0013319836601483148
-0.0015387346623009625
0.0017299795175633114
-0.0019069842245762066
0.002064283712152066
-0.002197679861534189
0.00230859952717466
-0.0023981382090423457
0.002463032013338624
-0.002500550475061105
0.0025124214549404867
-0.002500550475061105
0.002463032013338624
-0.0023981382090423457
0.00230859952717466
-0.002197679861534189
0.002064283712152066
-0.0019069842245762066
0.0017299795175633114
-0.0015387346623009625
0.0013319836601483148
-0.0011064711201882287
0.0008689950227745177
-0.0006317974742076158
0.00039071116815117405
-0.0001334393218622535
0.00012992357980471547
-0.0003804170534400931
0.0006151514292418677
-0.000846099505121083
0.001077318790886731
-0.001296889724503386
0.0014981934328331787
-0.0016843995366124553
0.0018567406790617519
-0.0020098957778893643
0.002139777322684539
-0.002247774574391411
0.002334954169707805
-0.0023981382090423457
0.002434668167286459
-0.0024462263810138274
0.002434668167286459
-0.0023981382090423457
0.002334954169707805
-0.002247774574391411
0.002139777322684539
-0.0020098957778893643
0.0018567406790617519
-0.0016843995366124553
0.0014981934328331787
-0.001296889724503386
0.001077318790886731
-0.000846099505121083
0.0006151514292418677
-0.0003804170534400931
0.00012992357980471547
-0.0001250726558523838
0.0003662135177987436
-0.0005921836753752818
0.0008145089011551439
-0.0010370952107262668
0.0012484680797366522
-0.0014422557622465134
0.0016215095356616565
-0.0017874160203133764
0.0019348528058183317
-0.002059884996111731
0.0021638499816519973
-0.002247774574391411
0.00230859952717466
-0.0023437655755750757
0.0023548922431897174
-0.0023437655755750757
0.00230859952717466
-0.002247774574391411
0.0021638499816519973
-0.002059884996111731
0.0019348528058183317
-0.0017874160203133764
0.0016215095356616565
-0.0014422557622465134
0.0012484680797366522
-0.0010370952107262668
0.0008145089011551439
-0.0005921836753752818
0.0003662135177987436
-0.0001250726558523838
0.00011906337749786105
-0.000348618313230297
0.0005637314408074445
-0.0007753747620747799
0.0009872666230231956
-0.0011884838077409518
0.0013729607091056996
-0.0015436020019333873
0.0017015372938387948
-0.001841890287304977
0.0019609151434642432
-0.002059884996111731
0.002139777322684539
-0.002197679861534189
0.002231156311420633
-0.0022417483838242033
0.002231156311420633
-0.002197679861534189
0.002139777322684539
-0.002059884996111731
0.0019609151434642432
-0.001841890287304977
0.0017015372938387948
-0.0015436020019333873
0.0013729607091056996
-0.0011884838077409518
0.0009872666230231956
-0.0007753747620747799
0.0005637314408074445
-0.000348618313230297
0.00011906337749786105
-0.00011183639400102125
0.0003274576603968365
-0.0005295137165585393
0.0007283105788881305
-0.0009273408948814958
0.0011163444728311935
-0.0012896238796369184
0.0014499074803424649
-0.0015982563169317577
0.0017300900764502015
-0.001841890287304977
0.0019348528058183317
-0.0020098957778893643
0.002064283712152066
-0.0020957281875057326
0.0021056773356611705
-0.0020957281875057326
0.002064283712152066
-0.0020098957778893643
0.0019348528058183317
-0.001841890287304977
0.0017300900764502015
-0.0015982563169317577
0.0014499074803424649
-0.0012896238796369184
0.0011163444728311935
-0.0009273408948814958
0.0007283105788881305
-0.0005295137165585393
0.0003274576603968365
-0.00011183639400102125
0.00010331440287880643
-0.0003025052171449771
0.0004891644972197823
-0.0006728129357198153
0.0008566770385935803
-0.001031278446053594
0.0011913538723514396
-0.0013394237797020587
0.0014764683581408849
-0.0015982563169317577
0.0017015372938387948
-0.0017874160203133764
0.0018567406790617519
-0.0019069842245762066
0.001936032614628659
-0.0019452236325438331
0.001936032614628659
-0.0019069842245762066
0.0018567406790617519
-0.0017874160203133764
0.0017015372938387948
-0.0015982563169317577
0.0014764683581408849
-0.0013394237797020587
0.0011913538723514396
-0.001031278446053594
0.0008566770385935803
-0.0006728129357198153
0.0004891644972197823
-0.0003025052171449771
0.00010331440287880643
-0.00009372484499148864
0.0002744269317346621
-0.00044376065098149497
0.0006103629924917648
-0.0007771609805860057
0.000935556029035175
-0.0010807733859443701
0.0012150995662991108
-0.0013394237797020587
0.0014499074803424649
-0.0015436020019333873
0.0016215095356616565
-0.0016843995366124553
0.0017299795175633114
-0.0017563316599467128
0.001764669575139662
-0.0017563316599467128
0.0017299795175633114
-0.0016843995366124553
0.0016215095356616565
-0.0015436020019333873
0.0014499074803424649
-0.0013394237797020587
0.0012150995662991108
-0.0010807733859443701
0.000935556029035175
-0.0007771609805860057
0.0006103629924917648
-0.00044376065098149497
0.0002744269317346621
-0.00009372484499148864
0.00008336380069419547
-0.00024408972929563654
0.0003947040346421192
-0.0005428889091448157
0.0006912478019970132
-0.0008321326789051917
0.000961296624706493
-0.0010807733859443701
0.0011913538723514396
-0.0012896238796369184
0.0013729607091056996
-0.0014422557622465134
0.0014981934328331787
-0.0015387346623009625
0.0015621736420689677
-0.0015695898218494012
0.0015621736420689677
-0.0015387346623009625
0.0014981934328331787
-0.0014422557622465134
0.0013729607091056996
-0.0012896238796369184
0.0011913538723514396
-0.0010807733859443701
0.000961296624706493
-0.0008321326789051917
0.0006912478019970132
-0.0005428889091448157
0.0003947040346421192
-0.00024408972929563654
0.00008336380069419547
-0.00007216268216541342
0.0002112927842579672
-0.0003416699042522039
0.000469944022171642
-0.000598368776587274
0.0007203237559617469
-0.0008321326789051917
0.000935556029035175
-0.001031278446053594
0.0011163444728311935
-0.0011884838077409518
0.0012484680797366522
-0.001296889724503386
0.0013319836601483148
-0.0013522732778624203
0.0013586929878554922
-0.0013522732778624203
0.0013319836601483148
-0.001296889724503386
0.0012484680797366522
-0.0011884838077409518
0.0011163444728311935
-0.001031278446053594
0.000935556029035175
-0.0008321326789051917
0.0007203237559617469
-0.000598368776587274
0.000469944022171642
-0.0003416699042522039
0.0002112927842579672
-0.00007216268216541342
0.00005994512257189504
-0.0001755196934319529
0.00028382321270401
-0.000390379780319617
0.000497061480801093
-0.000598368776587274
0.0006912478019970132
-0.0007771609805860057
0.0008566770385935803
-0.0009273408948814958
0.0009872666230231956
-0.0010370952107262668
0.001077318790886731
-0.0011064711201882287
0.0011233255882361459
-0.0011286584041856498
0.0011233255882361459
-0.0011064711201882287
0.001077318790886731
-0.0010370952107262668
0.0009872666230231956
-0.0009273408948814958
0.0008566770385935803
-0.0007771609805860057
0.0006912478019970132
-0.000598368776587274
0.000497061480801093
-0.000390379780319617
0.00028382321270401
-0.0001755196934319529
0.00005994512257189504
-0.00004707941509193976
0.00013784882154477666
-0.00022290772410372566
0.0003065946140843214
-0.000390379780319617
0.000469944022171642
-0.0005428889091448157
0.0006103629924917648
-0.0006728129357198153
0.0007283105788881305
-0.0007753747620747799
0.0008145089011551439
-0.000846099505121083
0.0008689950227745177
-0.0008822321046810573
0.0008864203662930759
-0.0008822321046810573
0.0008689950227745177
-0.000846099505121083
0.0008145089011551439
-0.0007753747620747799
0.0007283105788881305
-0.0006728129357198153
0.0006103629924917648
-0.0005428889091448157
0.000469944022171642
-0.000390379780319617
0.0003065946140843214
-0.00022290772410372566
0.00013784882154477666
-0.00004707941509193976
0.00003422879851174641
-0.0001002221359063924
0.0001620636866485764
-0.00022290772410372566
0.00028382321270401
-0.0003416699042522039
0.0003947040346421192
-0.00044376065098149497
0.0004891644972197823
-0.0005295137165585393
0.0005637314408074445
-0.0005921836753752818
0.0006151514292418677
-0.0006317974742076158
0.0006414214130050202
-0.0006444664627906283
0.0006414214130050202
-0.0006317974742076158
0.0006151514292418677
-0.0005921836753752818
0.0005637314408074445
-0.0005295137165585393
0.0004891644972197823
-0.00044376065098149497
0.0003947040346421192
-0.0003416699042522039
0.00028382321270401
-0.00022290772410372566
0.0001620636866485764
-0.0001002221359063924
0.00003422879851174641
-0.000021167501290992656
0.00006197857603609944
-0.0001002221359063924
0.00013784882154477666
-0.0001755196934319529
0.0002112927842579672
-0.00024408972929563654
0.0002744269317346621
-0.0003025052171449771
0.0003274576603968365
-0.000348618313230297
0.0003662135177987436
-0.0003804170534400931
0.00039071116815117405
-0.00039666272782536426
0.0003985458232908939
-0.00039666272782536426
0.00039071116815117405
-0.0003804170534400931
0.0003662135177987436
-0.000348618313230297
0.0003274576603968365
-0.0003025052171449771
0.0002744269317346621
-0.00024408972929563654
0.0002112927842579672
-0.0001755196934319529
0.00013784882154477666
-0.0001002221359063924
0.00006197857603609944
-0.000021167501290992656
7.2293224459239134e-6
-0.000021167501290992656
0.00003422879851174641
-0.00004707941509193976
0.00005994512257189504
-0.00007216268216541342
0.00008336380069419547
-0.00009372484499148864
0.00010331440287880643
-0.00011183639400102125
0.00011906337749786105
-0.0001250726558523838
0.00012992357980471547
-0.0001334393218622535
0.00013547195402555882
-0.00013611508635041967
0.00013547195402555882
-0.0001334393218622535
0.00012992357980471547
-0.0001250726558523838
0.00011906337749786105
-0.00011183639400102125
0.00010331440287880643
-0.00009372484499148864
0.00008336380069419547
-0.00007216268216541342
0.00005994512257189504
-0.00004707941509193976
0.00003422879851174641
-0.000021167501290992656
7.2293224459239134e-6