0.0004533074634676202
-0.0012954900008536935
0.0019885895960249805
-0.0025292487634494864
0.002904625073141493
-0.003043566736661831
0.002904625073141493
-0.0025292487634494864
0.0019885895960249805
-0.0012954900008536935
0.0004533074634676202
-0.0012954900008536935
0.0037023311495328675
-0.005683113879805039
0.00722824296263639
-0.008301016510292948
0.008698092557564853
-0.008301016510292948
0.00722824296263639
-0.005683113879805039
0.0037023311495328675
-0.0012954900008536935
0.0019885895960249805
-0.005683113879805039
0.008723634398535034
-0.011095422383474529
0.012742140084386806
-0.01335165563133452
0.012742140084386806
-0.011095422383474529
0.008723634398535034
-0.005683113879805039
0.0019885895960249805
-0.0025292487634494864
0.00722824296263639
-0.011095422383474529
0.014112053789001208
-0.016206482280987766
0.016981713352548382
-0.016206482280987766
0.014112053789001208
-0.011095422383474529
0.00722824296263639
-0.0025292487634494864
0.002904625073141493
-0.008301016510292948
0.012742140084386806
-0.016206482280987766
0.01861175360093066
-0.019502039934356515
0.01861175360093066
-0.016206482280987766
0.012742140084386806
-0.008301016510292948
0.002904625073141493
-0.003043566736661831
0.008698092557564853
-0.01335165563133452
0.016981713352548382
-0.019502039934356515
0.020434912784479283
-0.019502039934356515
0.016981713352548382
-0.01335165563133452
0.008698092557564853
-0.003043566736661831
0.002904625073141493
-0.008301016510292948
0.012742140084386806
-0.016206482280987766
0.01861175360093066
-0.019502039934356515
0.01861175360093066
-0.016206482280987766
0.012742140084386806
-0.008301016510292948
0.002904625073141493
-0.0025292487634494864
0.00722824296263639
-0.011095422383474529
0.014112053789001208
-0.016206482280987766
0.016981713352548382
-0.016206482280987766
0.014112053789001208
-0.011095422383474529
0.00722824296263639
-0.0025292487634494864
0.0019885895960249805
-0.005683113879805039
0.008723634398535034
-0.011095422383474529
0.012742140084386806
-0.01335165563133452
0.012742140084386806
-0.011095422383474529
0.008723634398535034
-0.005683113879805039
0.0019885895960249805
-0.0012954900008536935
0.0037023311495328675
-0.005683113879805039
0.00722824296263639
-0.008301016510292948
0.008698092557564853
-0.008301016510292948
0.00722824296263639
-0.005683113879805039
0.0037023311495328675
-0.0012954900008536935
0.0004533074634676202
-0.0012954900008536935
0.0019885895960249805
-0.0025292487634494864
0.002904625073141493
-0.003043566736661831
0.002904625073141493
-0.0025292487634494864
0.0019885895960249805
-0.0012954900008536935
0.0004533074634676202