3.559844672360064e-6
-0.000010435248833033874
0.000016917944187344836
-0.000023348731786076062
0.000029842823575722292
-0.00003610491842803635
0.00004198897469104643
-0.00004757874829860709
0.00005289743325901899
-0.00005783059072551801
0.00006230061278058953
-0.00006632459573199471
0.00006990147082767441
-0.00007297270957098182
0.00007549852228600171
-0.00007748194002661277
0.00007891810729782177
-0.00007978431464397957
0.00008007212893452045
-0.00007978431464397957
0.00007891810729782177
-0.00007748194002661277
0.00007549852228600171
-0.00007297270957098182
0.00006990147082767441
-0.00006632459573199471
0.00006230061278058953
-0.00005783059072551801
0.00005289743325901899
-0.00004757874829860709
0.00004198897469104643
-0.00003610491842803635
0.000029842823575722292
-0.000023348731786076062
0.000016917944187344836
-0.000010435248833033874
3.559844672360064e-6
-0.000010435248833033874
0.000030589654389370106
-0.000049592882158333065
0.00006844394869676689
-0.00008748058372067455
0.00010583714812567006
-0.00012308553868855784
0.00013947127567537685
-0.00015506234948186885
0.0001695232966392423
-0.00018262661903867047
0.00019442243241329175
-0.00020490760384728968
0.00021391056421825989
-0.00022131467496261975
0.00022712882124372943
-0.00023133876977246378
0.0002338779505598564
-0.00023472164291610348
0.0002338779505598564
-0.00023133876977246378
0.00022712882124372943
-0.00022131467496261975
0.00021391056421825989
-0.00020490760384728968
0.00019442243241329175
-0.00018262661903867047
0.0001695232966392423
-0.00015506234948186885
0.00013947127567537685
-0.00012308553868855784
0.00010583714812567006
-0.00008748058372067455
0.00006844394869676689
-0.000049592882158333065
0.000030589654389370106
-0.000010435248833033874
0.000016917944187344836
-0.000049592882158333065
0.00008040149553389426
-0.00011096342047425299
0.0001418261947120658
-0.0001715864176874892
0.00019955003537724798
-0.00022611509273687405
0.0002513918178729358
-0.00027483634716198566
0.000296079853720311
-0.00031520358670542655
0.00033220246693850547
-0.00034679834131715883
0.0003588021118389953
-0.00036822818340228106
0.00037505348056388364
-0.0003791700780240898
0.00038053789784541435
-0.0003791700780240898
0.00037505348056388364
-0.00036822818340228106
0.0003588021118389953
-0.00034679834131715883
0.00033220246693850547
-0.00031520358670542655
0.000296079853720311
-0.00027483634716198566
0.0002513918178729358
-0.00022611509273687405
0.00019955003537724798
-0.0001715864176874892
0.0001418261947120658
-0.00011096342047425299
0.00008040149553389426
-0.000049592882158333065
0.000016917944187344836
-0.000023348731786076062
0.00006844394869676689
-0.00011096342047425299
0.00015314243350305864
-0.00019573665357336398
0.00023680922459335586
-0.0002754022712411247
0.0003120651418773578
-0.00034694996411679664
0.0003793061428675401
-0.00040862465410823303
0.0004350176311315292
-0.0004584780640795635
0.0004786220693012713
-0.0004951886695472764
0.0005081977452535404
-0.0005176174496231607
0.0005232988331828424
-0.0005251865837148295
0.0005232988331828424
-0.0005176174496231607
0.0005081977452535404
-0.0004951886695472764
0.0004786220693012713
-0.0004584780640795635
0.0004350176311315292
-0.00040862465410823303
0.0003793061428675401
-0.00034694996411679664
0.0003120651418773578
-0.0002754022712411247
0.00023680922459335586
-0.00019573665357336398
0.00015314243350305864
-0.00011096342047425299
0.00006844394869676689
-0.000023348731786076062
0.000029842823575722292
-0.00008748058372067455
0.0001418261947120658
-0.00019573665357336398
0.00025017780294926483
-0.00030267407991972954
0.00035200119082713286
-0.0003988612768566923
0.0004434487775869392
-0.00048480433140844504
0.0005222773370721018
-0.0005560111160268125
0.0005859967087302145
-0.0006117434601789741
0.0006329178063028127
-0.0006495451569761701
0.0006615848077038245
-0.0006688463810000111
0.0006712591804015896
-0.0006688463810000111
0.0006615848077038245
-0.0006495451569761701
0.0006329178063028127
-0.0006117434601789741
0.0005859967087302145
-0.0005560111160268125
0.0005222773370721018
-0.00048480433140844504
0.0004434487775869392
-0.0003988612768566923
0.00035200119082713286
-0.00030267407991972954
0.00025017780294926483
-0.00019573665357336398
0.0001418261947120658
-0.00008748058372067455
0.000029842823575722292
-0.00003610491842803635
0.00010583714812567006
-0.0001715864176874892
0.00023680922459335586
-0.00030267407991972954
0.00036618595884716973
-0.00042586366699310193
0.0004825566799493017
-0.0005365002376924504
0.0005865336701350305
-0.0006318698565487158
0.0006726821923633494
-0.0007089598380032005
0.000740109181445375
-0.000765726664912661
0.0007858430301826116
-0.0008004090314968317
0.0008091943433441769
-0.0008121134346076483
0.0008091943433441769
-0.0008004090314968317
0.0007858430301826116
-0.000765726664912661
0.000740109181445375
-0.0007089598380032005
0.0006726821923633494
-0.0006318698565487158
0.0005865336701350305
-0.0005365002376924504
0.0004825566799493017
-0.00042586366699310193
0.00036618595884716973
-0.00030267407991972954
0.00023680922459335586
-0.0001715864176874892
0.00010583714812567006
-0.00003610491842803635
0.00004198897469104643
-0.00012308553868855784
0.00019955003537724798
-0.0002754022712411247
0.00035200119082713286
-0.00042586366699310193
0.0004952671135610183
-0.0005611994460470139
0.0006239342417324466
-0.0006821216749134702
0.0007348463469746205
-0.0007823099117800302
0.0008244997632169915
-0.0008607255476912902
0.0008905179391932995
-0.0009139126895201663
0.0009308525272808191
-0.0009410695905750177
0.0009444644091903002
-0.0009410695905750177
0.0009308525272808191
-0.0009139126895201663
0.0008905179391932995
-0.0008607255476912902
0.0008244997632169915
-0.0007823099117800302
0.0007348463469746205
-0.0006821216749134702
0.0006239342417324466
-0.0005611994460470139
0.0004952671135610183
-0.00042586366699310193
0.00035200119082713286
-0.0002754022712411247
0.00019955003537724798
-0.00012308553868855784
0.00004198897469104643
-0.00004757874829860709
0.00013947127567537685
-0.00022611509273687405
0.0003120651418773578
-0.0003988612768566923
0.0004825566799493017
-0.0005611994460470139
0.0006359090067155714
-0.000706995359155566
0.0007729289823943416
-0.0008326726155642888
0.0008864547576586695
-0.0009342611243786181
0.0009753094589498782
-0.0010090679564344553
0.0010355771280801279
-0.001054772078253684
0.0010663492859945833
-0.0010701960391388174
0.0010663492859945833
-0.001054772078253684
0.0010355771280801279
-0.0010090679564344553
0.0009753094589498782
-0.0009342611243786181
0.0008864547576586695
-0.0008326726155642888
0.0007729289823943416
-0.000706995359155566
0.0006359090067155714
-0.0005611994460470139
0.0004825566799493017
-0.0003988612768566923
0.0003120651418773578
-0.00022611509273687405
0.00013947127567537685
-0.00004757874829860709
0.00005289743325901899
-0.00015506234948186885
0.0002513918178729358
-0.00034694996411679664
0.0004434487775869392
-0.0005365002376924504
0.0006239342417324466
-0.000706995359155566
0.0007860282408157128
-0.0008593323851977655
0.0009257545791660568
-0.000985548864928044
0.0010386993613861171
-0.0010843363656374602
0.0011218686238719093
-0.0011513411759676083
0.0011726818718039802
-0.0011855532607265417
0.0011898300308179693
-0.0011855532607265417
0.0011726818718039802
-0.0011513411759676083
0.0011218686238719093
-0.0010843363656374602
0.0010386993613861171
-0.000985548864928044
0.0009257545791660568
-0.0008593323851977655
0.0007860282408157128
-0.000706995359155566
0.0006239342417324466
-0.0005365002376924504
0.0004434487775869392
-0.00034694996411679664
0.0002513918178729358
-0.00015506234948186885
0.00005289743325901899
-0.00005783059072551801
0.0001695232966392423
-0.00027483634716198566
0.0003793061428675401
-0.00048480433140844504
0.0005865336701350305
-0.0006821216749134702
0.0007729289823943416
-0.0008593323851977655
0.0009394727948748262
-0.001012089450878949
0.001077460087119349
-0.001135567341444413
0.0011854604033983815
-0.001226492879479644
0.0012587140099367116
-0.0012820449160067253
0.0012961166767518025
-0.0013007922938006189
0.0012961166767518025
-0.0012820449160067253
0.0012587140099367116
-0.001226492879479644
0.0011854604033983815
-0.001135567341444413
0.001077460087119349
-0.001012089450878949
0.0009394727948748262
-0.0008593323851977655
0.0007729289823943416
-0.0006821216749134702
0.0005865336701350305
-0.00048480433140844504
0.0003793061428675401
-0.00027483634716198566
0.0001695232966392423
-0.00005783059072551801
0.00006230061278058953
-0.00018262661903867047
0.000296079853720311
-0.00040862465410823303
0.0005222773370721018
-0.0006318698565487158
0.0007348463469746205
-0.0008326726155642888
0.0009257545791660568
-0.001012089450878949
0.0010903190195272574
-0.0011607424864941416
0.0012233411476185155
-0.0012770906994428333
0.001321294785406623
-0.0013560064517889768
0.0013811407228841337
-0.001396300161968565
0.0014013371813663296
-0.001396300161968565
0.0013811407228841337
-0.0013560064517889768
0.001321294785406623
-0.0012770906994428333
0.0012233411476185155
-0.0011607424864941416
0.0010903190195272574
-0.001012089450878949
0.0009257545791660568
-0.0008326726155642888
0.0007348463469746205
-0.0006318698565487158
0.0005222773370721018
-0.00040862465410823303
0.000296079853720311
-0.00018262661903867047
0.00006230061278058953
-0.00006632459573199471
0.00019442243241329175
-0.00031520358670542655
0.0004350176311315292
-0.0005560111160268125
0.0006726821923633494
-0.0007823099117800302
0.0008864547576586695
-0.000985548864928044
0.001077460087119349
-0.0011607424864941416
0.0012357145897874712
-0.001302356484740578
0.0013595777083596572
-0.001406636926566322
0.0014435906118872275
-0.0014703483000543657
0.0014864868839931733
-0.0014918492433720052
0.0014864868839931733
-0.0014703483000543657
0.0014435906118872275
-0.001406636926566322
0.0013595777083596572
-0.001302356484740578
0.0012357145897874712
-0.0011607424864941416
0.001077460087119349
-0.000985548864928044
0.0008864547576586695
-0.0007823099117800302
0.0006726821923633494
-0.0005560111160268125
0.0004350176311315292
-0.00031520358670542655
0.00019442243241329175
-0.00006632459573199471
0.00006990147082767441
-0.00020490760384728968
0.00033220246693850547
-0.0004584780640795635
0.0005859967087302145
-0.0007089598380032005
0.0008244997632169915
-0.0009342611243786181
0.0010386993613861171
-0.001135567341444413
0.0012233411476185155
-0.001302356484740578
0.0013725923666868338
-0.0014328995219644255
0.0014824966364638285
-0.0015214432282662455
0.0015496439543798153
-0.001566652889631483
0.0015723044402146417
-0.001566652889631483
0.0015496439543798153
-0.0015214432282662455
0.0014824966364638285
-0.0014328995219644255
0.0013725923666868338
-0.001302356484740578
0.0012233411476185155
-0.001135567341444413
0.0010386993613861171
-0.0009342611243786181
0.0008244997632169915
-0.0007089598380032005
0.0005859967087302145
-0.0004584780640795635
0.00033220246693850547
-0.00020490760384728968
0.00006990147082767441
-0.00007297270957098182
0.00021391056421825989
-0.00034679834131715883
0.0004786220693012713
-0.0006117434601789741
0.000740109181445375
-0.0008607255476912902
0.0009753094589498782
-0.0010843363656374602
0.0011854604033983815
-0.0012770906994428333
0.0013595777083596572
-0.0014328995219644255
0.0014958563735873748
-0.0015476326207688688
0.0015882903966171586
-0.0016177301690856029
0.0016354864205283149
-0.0016413862814961514
0.0016354864205283149
-0.0016177301690856029
0.0015882903966171586
-0.0015476326207688688
0.0014958563735873748
-0.0014328995219644255
0.0013595777083596572
-0.0012770906994428333
0.0011854604033983815
-0.0010843363656374602
0.0009753094589498782
-0.0008607255476912902
0.000740109181445375
-0.0006117434601789741
0.0004786220693012713
-0.00034679834131715883
0.00021391056421825989
-0.00007297270957098182
0.00007549852228600171
-0.00022131467496261975
0.0003588021118389953
-0.0004951886695472764
0.0006329178063028127
-0.000765726664912661
0.0008905179391932995
-0.0010090679564344553
0.0011218686238719093
-0.001226492879479644
0.001321294785406623
-0.001406636926566322
0.0014824966364638285
-0.0015476326207688688
0.0016012010050963708
-0.0016432660731749453
0.0016737248478438731
-0.0016920956984419237
0.0016981997719700038
-0.0016920956984419237
0.0016737248478438731
-0.0016432660731749453
0.0016012010050963708
-0.0015476326207688688
0.0014824966364638285
-0.001406636926566322
0.001321294785406623
-0.001226492879479644
0.0011218686238719093
-0.0010090679564344553
0.0008905179391932995
-0.000765726664912661
0.0006329178063028127
-0.0004951886695472764
0.0003588021118389953
-0.00022131467496261975
0.00007549852228600171
-0.00007748194002661277
0.00022712882124372943
-0.00036822818340228106
0.0005081977452535404
-0.0006495451569761701
0.0007858430301826116
-0.0009139126895201663
0.0010355771280801279
-0.0011513411759676083
0.0012587140099367116
-0.0013560064517889768
0.0014435906118872275
-0.0015214432282662455
0.0015882903966171586
-0.0016432660731749453
0.0016864362304626964
-0.001717695186012076
0.0017365486562678765
-0.001742813089593195
0.0017365486562678765
-0.001717695186012076
0.0016864362304626964
-0.0016432660731749453
0.0015882903966171586
-0.0015214432282662455
0.0014435906118872275
-0.0013560064517889768
0.0012587140099367116
-0.0011513411759676083
0.0010355771280801279
-0.0009139126895201663
0.0007858430301826116
-0.0006495451569761701
0.0005081977452535404
-0.00036822818340228106
0.00022712882124372943
-0.00007748194002661277
0.00007891810729782177
-0.00023133876977246378
0.00037505348056388364
-0.0005176174496231607
0.0006615848077038245
-0.0008004090314968317
0.0009308525272808191
-0.001054772078253684
0.0011726818718039802
-0.0012820449160067253
0.0013811407228841337
-0.0014703483000543657
0.0015496439543798153
-0.0016177301690856029
0.0016737248478438731
-0.001717695186012076
0.001749533542243431
-0.0017687364711849692
0.0017751170189765932
-0.0017687364711849692
0.001749533542243431
-0.001717695186012076
0.0016737248478438731
-0.0016177301690856029
0.0015496439543798153
-0.0014703483000543657
0.0013811407228841337
-0.0012820449160067253
0.0011726818718039802
-0.001054772078253684
0.0009308525272808191
-0.0008004090314968317
0.0006615848077038245
-0.0005176174496231607
0.00037505348056388364
-0.00023133876977246378
0.00007891810729782177
-0.00007978431464397957
0.0002338779505598564
-0.0003791700780240898
0.0005232988331828424
-0.0006688463810000111
0.0008091943433441769
-0.0009410695905750177
0.0010663492859945833
-0.0011855532607265417
0.0012961166767518025
-0.001396300161968565
0.0014864868839931733
-0.001566652889631483
0.0016354864205283149
-0.0016920956984419237
0.0017365486562678765
-0.0017687364711849692
0.0017881501720100007
-0.001794600752872093
0.0017881501720100007
-0.0017687364711849692
0.0017365486562678765
-0.0016920956984419237
0.0016354864205283149
-0.001566652889631483
0.0014864868839931733
-0.001396300161968565
0.0012961166767518025
-0.0011855532607265417
0.0010663492859945833
-0.0009410695905750177
0.0008091943433441769
-0.0006688463810000111
0.0005232988331828424
-0.0003791700780240898
0.0002338779505598564
-0.00007978431464397957
0.00008007212893452045
-0.00023472164291610348
0.00038053789784541435
-0.0005251865837148295
0.0006712591804015896
-0.0008121134346076483
0.0009444644091903002
-0.0010701960391388174
0.0011898300308179693
-0.0013007922938006189
0.0014013371813663296
-0.0014918492433720052
0.0015723044402146417
-0.0016413862814961514
0.0016981997719700038
-0.001742813089593195
0.0017751170189765932
-0.001794600752872093
0.0018010746035881996
-0.001794600752872093
0.0017751170189765932
-0.001742813089593195
0.0016981997719700038
-0.0016413862814961514
0.0015723044402146417
-0.0014918492433720052
0.0014013371813663296
-0.0013007922938006189
0.0011898300308179693
-0.0010701960391388174
0.0009444644091903002
-0.0008121134346076483
0.0006712591804015896
-0.0005251865837148295
0.00038053789784541435
-0.00023472164291610348
0.00008007212893452045
-0.00007978431464397957
0.0002338779505598564
-0.0003791700780240898
0.0005232988331828424
-0.0006688463810000111
0.0008091943433441769
-0.0009410695905750177
0.0010663492859945833
-0.0011855532607265417
0.0012961166767518025
-0.001396300161968565
0.0014864868839931733
-0.001566652889631483
0.0016354864205283149
-0.0016920956984419237
0.0017365486562678765
-0.0017687364711849692
0.0017881501720100007
-0.001794600752872093
0.0017881501720100007
-0.0017687364711849692
0.0017365486562678765
-0.0016920956984419237
0.0016354864205283149
-0.001566652889631483
0.0014864868839931733
-0.001396300161968565
0.0012961166767518025
-0.0011855532607265417
0.0010663492859945833
-0.0009410695905750177
0.0008091943433441769
-0.0006688463810000111
0.0005232988331828424
-0.0003791700780240898
0.0002338779505598564
-0.00007978431464397957
0.00007891810729782177
-0.00023133876977246378
0.00037505348056388364
-0.0005176174496231607
0.0006615848077038245
-0.0008004090314968317
0.0009308525272808191
-0.001054772078253684
0.0011726818718039802
-0.0012820449160067253
0.0013811407228841337
-0.0014703483000543657
0.0015496439543798153
-0.0016177301690856029
0.0016737248478438731
-0.001717695186012076
0.001749533542243431
-0.0017687364711849692
0.0017751170189765932
-0.0017687364711849692
0.001749533542243431
-0.001717695186012076
0.0016737248478438731
-0.0016177301690856029
0.0015496439543798153
-0.0014703483000543657
0.0013811407228841337
-0.0012820449160067253
0.0011726818718039802
-0.001054772078253684
0.0009308525272808191
-0.0008004090314968317
0.0006615848077038245
-0.0005176174496231607
0.00037505348056388364
-0.00023133876977246378
0.00007891810729782177
-0.00007748194002661277
0.00022712882124372943
-0.00036822818340228106
0.0005081977452535404
-0.0006495451569761701
0.0007858430301826116
-0.0009139126895201663
0.0010355771280801279
-0.0011513411759676083
0.0012587140099367116
-0.0013560064517889768
0.0014435906118872275
-0.0015214432282662455
0.0015882903966171586
-0.0016432660731749453
0.0016864362304626964
-0.001717695186012076
0.0017365486562678765
-0.001742813089593195
0.0017365486562678765
-0.001717695186012076
0.0016864362304626964
-0.0016432660731749453
0.0015882903966171586
-0.0015214432282662455
0.0014435906118872275
-0.0013560064517889768
0.0012587140099367116
-0.0011513411759676083
0.0010355771280801279
-0.0009139126895201663
0.0007858430301826116
-0.0006495451569761701
0.0005081977452535404
-0.00036822818340228106
0.00022712882124372943
-0.00007748194002661277
0.00007549852228600171
-0.00022131467496261975
0.0003588021118389953
-0.0004951886695472764
0.0006329178063028127
-0.000765726664912661
0.0008905179391932995
-0.0010090679564344553
0.0011218686238719093
-0.001226492879479644
0.001321294785406623
-0.001406636926566322
0.0014824966364638285
-0.0015476326207688688
0.0016012010050963708
-0.0016432660731749453
0.0016737248478438731
-0.0016920956984419237
0.0016981997719700038
-0.0016920956984419237
0.0016737248478438731
-0.0016432660731749453
0.0016012010050963708
-0.0015476326207688688
0.0014824966364638285
-0.001406636926566322
0.001321294785406623
-0.001226492879479644
0.0011218686238719093
-0.0010090679564344553
0.0008905179391932995
-0.000765726664912661
0.0006329178063028127
-0.0004951886695472764
0.0003588021118389953
-0.00022131467496261975
0.00007549852228600171
-0.00007297270957098182
0.00021391056421825989
-0.00034679834131715883
0.0004786220693012713
-0.0006117434601789741
0.000740109181445375
-0.0008607255476912902
0.0009753094589498782
-0.0010843363656374602
0.0011854604033983815
-0.0012770906994428333
0.0013595777083596572
-0.0014328995219644255
0.0014958563735873748
-0.0015476326207688688
0.0015882903966171586
-0.0016177301690856029
0.0016354864205283149
-0.0016413862814961514
0.0016354864205283149
-0.0016177301690856029
0.0015882903966171586
-0.0015476326207688688
0.0014958563735873748
-0.0014328995219644255
0.0013595777083596572
-0.0012770906994428333
0.0011854604033983815
-0.0010843363656374602
0.0009753094589498782
-0.0008607255476912902
0.000740109181445375
-0.0006117434601789741
0.0004786220693012713
-0.00034679834131715883
0.00021391056421825989
-0.00007297270957098182
0.00006990147082767441
-0.00020490760384728968
0.00033220246693850547
-0.0004584780640795635
0.0005859967087302145
-0.0007089598380032005
0.0008244997632169915
-0.0009342611243786181
0.0010386993613861171
-0.001135567341444413
0.0012233411476185155
-0.001302356484740578
0.0013725923666868338
-0.0014328995219644255
0.0014824966364638285
-0.0015214432282662455
0.0015496439543798153
-0.001566652889631483
0.0015723044402146417
-0.001566652889631483
0.0015496439543798153
-0.0015214432282662455
0.0014824966364638285
-0.0014328995219644255
0.0013725923666868338
-0.001302356484740578
0.0012233411476185155
-0.001135567341444413
0.0010386993613861171
-0.0009342611243786181
0.0008244997632169915
-0.0007089598380032005
0.0005859967087302145
-0.0004584780640795635
0.00033220246693850547
-0.00020490760384728968
0.00006990147082767441
-0.00006632459573199471
0.00019442243241329175
-0.00031520358670542655
0.0004350176311315292
-0.0005560111160268125
0.0006726821923633494
-0.0007823099117800302
0.0008864547576586695
-0.000985548864928044
0.001077460087119349
-0.0011607424864941416
0.0012357145897874712
-0.001302356484740578
0.0013595777083596572
-0.001406636926566322
0.0014435906118872275
-0.0014703483000543657
0.0014864868839931733
-0.0014918492433720052
0.0014864868839931733
-0.0014703483000543657
0.0014435906118872275
-0.001406636926566322
0.0013595777083596572
-0.001302356484740578
0.0012357145897874712
-0.0011607424864941416
0.001077460087119349
-0.000985548864928044
0.0008864547576586695
-0.0007823099117800302
0.0006726821923633494
-0.0005560111160268125
0.0004350176311315292
-0.00031520358670542655
0.00019442243241329175
-0.00006632459573199471
0.00006230061278058953
-0.00018262661903867047
0.000296079853720311
-0.00040862465410823303
0.0005222773370721018
-0.0006318698565487158
0.0007348463469746205
-0.0008326726155642888
0.0009257545791660568
-0.001012089450878949
0.0010903190195272574
-0.0011607424864941416
0.0012233411476185155
-0.0012770906994428333
0.001321294785406623
-0.0013560064517889768
0.0013811407228841337
-0.001396300161968565
0.0014013371813663296
-0.001396300161968565
0.0013811407228841337
-0.0013560064517889768
0.001321294785406623
-0.0012770906994428333
0.0012233411476185155
-0.0011607424864941416
0.0010903190195272574
-0.001012089450878949
0.0009257545791660568
-0.0008326726155642888
0.0007348463469746205
-0.0006318698565487158
0.0005222773370721018
-0.00040862465410823303
0.000296079853720311
-0.00018262661903867047
0.00006230061278058953
-0.00005783059072551801
0.0001695232966392423
-0.00027483634716198566
0.0003793061428675401
-0.00048480433140844504
0.0005865336701350305
-0.0006821216749134702
0.0007729289823943416
-0.0008593323851977655
0.0009394727948748262
-0.001012089450878949
0.001077460087119349
-0.001135567341444413
0.0011854604033983815
-0.001226492879479644
0.0012587140099367116
-0.0012820449160067253
0.0012961166767518025
-0.0013007922938006189
0.0012961166767518025
-0.0012820449160067253
0.0012587140099367116
-0.001226492879479644
0.0011854604033983815
-0.001135567341444413
0.001077460087119349
-0.001012089450878949
0.0009394727948748262
-0.0008593323851977655
0.0007729289823943416
-0.0006821216749134702
0.0005865336701350305
-0.00048480433140844504
0.0003793061428675401
-0.00027483634716198566
0.0001695232966392423
-0.00005783059072551801
0.00005289743325901899
-0.00015506234948186885
0.0002513918178729358
-0.00034694996411679664
0.0004434487775869392
-0.0005365002376924504
0.0006239342417324466
-0.000706995359155566
0.0007860282408157128
-0.0008593323851977655
0.0009257545791660568
-0.000985548864928044
0.0010386993613861171
-0.0010843363656374602
0.0011218686238719093
-0.0011513411759676083
0.0011726818718039802
-0.0011855532607265417
0.0011898300308179693
-0.0011855532607265417
0.0011726818718039802
-0.0011513411759676083
0.0011218686238719093
-0.0010843363656374602
0.0010386993613861171
-0.000985548864928044
0.0009257545791660568
-0.0008593323851977655
0.0007860282408157128
-0.000706995359155566
0.0006239342417324466
-0.0005365002376924504
0.0004434487775869392
-0.00034694996411679664
0.0002513918178729358
-0.00015506234948186885
0.00005289743325901899
-0.00004757874829860709
0.00013947127567537685
-0.00022611509273687405
0.0003120651418773578
-0.0003988612768566923
0.0004825566799493017
-0.0005611994460470139
0.0006359090067155714
-0.000706995359155566
0.0007729289823943416
-0.0008326726155642888
0.0008864547576586695
-0.0009342611243786181
0.0009753094589498782
-0.0010090679564344553
0.0010355771280801279
-0.001054772078253684
0.0010663492859945833
-0.0010701960391388174
0.0010663492859945833
-0.001054772078253684
0.0010355771280801279
-0.0010090679564344553
0.0009753094589498782
-0.0009342611243786181
0.0008864547576586695
-0.0008326726155642888
0.0007729289823943416
-0.000706995359155566
0.0006359090067155714
-0.0005611994460470139
0.0004825566799493017
-0.0003988612768566923
0.0003120651418773578
-0.00022611509273687405
0.00013947127567537685
-0.00004757874829860709
0.00004198897469104643
-0.00012308553868855784
0.00019955003537724798
-0.0002754022712411247
0.00035200119082713286
-0.00042586366699310193
0.0004952671135610183
-0.0005611994460470139
0.0006239342417324466
-0.0006821216749134702
0.0007348463469746205
-0.0007823099117800302
0.0008244997632169915
-0.0008607255476912902
0.0008905179391932995
-0.0009139126895201663
0.0009308525272808191
-0.0009410695905750177
0.0009444644091903002
-0.0009410695905750177
0.0009308525272808191
-0.0009139126895201663
0.0008905179391932995
-0.0008607255476912902
0.0008244997632169915
-0.0007823099117800302
0.0007348463469746205
-0.0006821216749134702
0.0006239342417324466
-0.0005611994460470139
0.0004952671135610183
-0.00042586366699310193
0.00035200119082713286
-0.0002754022712411247
0.00019955003537724798
-0.00012308553868855784
0.00004198897469104643
-0.00003610491842803635
0.00010583714812567006
-0.0001715864176874892
0.00023680922459335586
-0.00030267407991972954
0.00036618595884716973
-0.00042586366699310193
0.0004825566799493017
-0.0005365002376924504
0.0005865336701350305
-0.0006318698565487158
0.0006726821923633494
-0.0007089598380032005
0.000740109181445375
-0.000765726664912661
0.0007858430301826116
-0.0008004090314968317
0.0008091943433441769
-0.0008121134346076483
0.0008091943433441769
-0.0008004090314968317
0.0007858430301826116
-0.000765726664912661
0.000740109181445375
-0.0007089598380032005
0.0006726821923633494
-0.0006318698565487158
0.0005865336701350305
-0.0005365002376924504
0.0004825566799493017
-0.00042586366699310193
0.00036618595884716973
-0.00030267407991972954
0.00023680922459335586
-0.0001715864176874892
0.00010583714812567006
-0.00003610491842803635
0.000029842823575722292
-0.00008748058372067455
0.0001418261947120658
-0.00019573665357336398
0.00025017780294926483
-0.00030267407991972954
0.00035200119082713286
-0.0003988612768566923
0.0004434487775869392
-0.00048480433140844504
0.0005222773370721018
-0.0005560111160268125
0.0005859967087302145
-0.0006117434601789741
0.0006329178063028127
-0.0006495451569761701
0.0006615848077038245
-0.0006688463810000111
0.0006712591804015896
-0.0006688463810000111
0.0006615848077038245
-0.0006495451569761701
0.0006329178063028127
-0.0006117434601789741
0.0005859967087302145
-0.0005560111160268125
0.0005222773370721018
-0.00048480433140844504
0.0004434487775869392
-0.0003988612768566923
0.00035200119082713286
-0.00030267407991972954
0.00025017780294926483
-0.00019573665357336398
0.0001418261947120658
-0.00008748058372067455
0.000029842823575722292
-0.000023348731786076062
0.00006844394869676689
-0.00011096342047425299
0.00015314243350305864
-0.00019573665357336398
0.00023680922459335586
-0.0002754022712411247
0.0003120651418773578
-0.00034694996411679664
0.0003793061428675401
-0.00040862465410823303
0.0004350176311315292
-0.0004584780640795635
0.0004786220693012713
-0.0004951886695472764
0.0005081977452535404
-0.0005176174496231607
0.0005232988331828424
-0.0005251865837148295
0.0005232988331828424
-0.0005176174496231607
0.0005081977452535404
-0.0004951886695472764
0.0004786220693012713
-0.0004584780640795635
0.0004350176311315292
-0.00040862465410823303
0.0003793061428675401
-0.00034694996411679664
0.0003120651418773578
-0.0002754022712411247
0.00023680922459335586
-0.00019573665357336398
0.00015314243350305864
-0.00011096342047425299
0.00006844394869676689
-0.000023348731786076062
0.000016917944187344836
-0.000049592882158333065
0.00008040149553389426
-0.00011096342047425299
0.0001418261947120658
-0.0001715864176874892
0.00019955003537724798
-0.00022611509273687405
0.0002513918178729358
-0.00027483634716198566
0.000296079853720311
-0.00031520358670542655
0.00033220246693850547
-0.00034679834131715883
0.0003588021118389953
-0.00036822818340228106
0.00037505348056388364
-0.0003791700780240898
0.00038053789784541435
-0.0003791700780240898
0.00037505348056388364
-0.00036822818340228106
0.0003588021118389953
-0.00034679834131715883
0.00033220246693850547
-0.00031520358670542655
0.000296079853720311
-0.00027483634716198566
0.0002513918178729358
-0.00022611509273687405
0.00019955003537724798
-0.0001715864176874892
0.0001418261947120658
-0.00011096342047425299
0.00008040149553389426
-0.000049592882158333065
0.000016917944187344836
-0.000010435248833033874
0.000030589654389370106
-0.000049592882158333065
0.00006844394869676689
-0.00008748058372067455
0.00010583714812567006
-0.00012308553868855784
0.00013947127567537685
-0.00015506234948186885
0.0001695232966392423
-0.00018262661903867047
0.00019442243241329175
-0.00020490760384728968
0.00021391056421825989
-0.00022131467496261975
0.00022712882124372943
-0.00023133876977246378
0.0002338779505598564
-0.00023472164291610348
0.0002338779505598564
-0.00023133876977246378
0.00022712882124372943
-0.00022131467496261975
0.00021391056421825989
-0.00020490760384728968
0.00019442243241329175
-0.00018262661903867047
0.0001695232966392423
-0.00015506234948186885
0.00013947127567537685
-0.00012308553868855784
0.00010583714812567006
-0.00008748058372067455
0.00006844394869676689
-0.000049592882158333065
0.000030589654389370106
-0.000010435248833033874
3.559844672360064e-6
-0.000010435248833033874
0.000016917944187344836
-0.000023348731786076062
0.000029842823575722292
-0.00003610491842803635
0.00004198897469104643
-0.00004757874829860709
0.00005289743325901899
-0.00005783059072551801
0.00006230061278058953
-0.00006632459573199471
0.00006990147082767441
-0.00007297270957098182
0.00007549852228600171
-0.00007748194002661277
0.00007891810729782177
-0.00007978431464397957
0.00008007212893452045
-0.00007978431464397957
0.00007891810729782177
-0.00007748194002661277
0.00007549852228600171
-0.00007297270957098182
0.00006990147082767441
-0.00006632459573199471
0.00006230061278058953
-0.00005783059072551801
0.00005289743325901899
-0.00004757874829860709
0.00004198897469104643
-0.00003610491842803635
0.000029842823575722292
-0.000023348731786076062
0.000016917944187344836
-0.000010435248833033874
3.559844672360064e-6