0.000012559391474727404
-0.00003673322155940618
0.000059260756820026704
-0.00008123111695280311
0.00010297792053738085
-0.0001232751496632131
0.0001414130994427037
-0.00015766478108123196
0.0001721314227738457
-0.0001842582166553308
0.00019361577698124403
-0.00020036087279562035
0.00020464171581231712
-0.00020615345026928005
0.00020464171581231712
-0.00020036087279562035
0.00019361577698124403
-0.0001842582166553308
0.0001721314227738457
-0.00015766478108123196
0.0001414130994427037
-0.0001232751496632131
0.00010297792053738085
-0.00008123111695280311
0.000059260756820026704
-0.00003673322155940618
0.000012559391474727404
-0.00003673322155940618
0.00010743590315244234
-0.0001733235654313721
0.00023758162348467733
-0.00030118583200772767
0.000360550381319016
-0.00041359955406150914
0.00046113184283061524
-0.0005034433159290248
0.0005389112928091317
-0.000566279922682558
0.0005860077175751275
-0.0005985281613649229
0.0006029496237310216
-0.0005985281613649229
0.0005860077175751275
-0.000566279922682558
0.0005389112928091317
-0.0005034433159290248
0.00046113184283061524
-0.00041359955406150914
0.000360550381319016
-0.00030118583200772767
0.00023758162348467733
-0.0001733235654313721
0.00010743590315244234
-0.00003673322155940618
0.000059260756820026704
-0.0001733235654313721
0.0002796184278473225
-0.00038328429188992186
0.0004858953173868015
-0.0005816666102688411
0.0006672494693794238
-0.0007439320821823836
0.0008121920880173437
-0.0008694116583017293
0.0009135647614212981
-0.000945391102975176
0.0009655900112986927
-0.000972723042242971
0.0009655900112986927
-0.000945391102975176
0.0009135647614212981
-0.0008694116583017293
0.0008121920880173437
-0.0007439320821823836
0.0006672494693794238
-0.0005816666102688411
0.0004858953173868015
-0.00038328429188992186
0.0002796184278473225
-0.0001733235654313721
0.000059260756820026704
-0.00008123111695280311
0.00023758162348467733
-0.00038328429188992186
0.0005253832858604478
-0.0006660363699595572
0.0007973139558406923
-0.0009146258433462808
0.0010197378031506603
-0.001113304554821048
0.001191737734806851
-0.001252260179604971
0.0012958858336072367
-0.0013235732944564046
0.0013333508285608428
-0.0013235732944564046
0.0012958858336072367
-0.001252260179604971
0.001191737734806851
-0.001113304554821048
0.0010197378031506603
-0.0009146258433462808
0.0007973139558406923
-0.0006660363699595572
0.0005253832858604478
-0.00038328429188992186
0.00023758162348467733
-0.00008123111695280311
0.00010297792053738085
-0.00030118583200772767
0.0004858953173868015
-0.0006660363699595572
0.0008443444206307209
-0.0010107670098345768
0.0011594850711245585
-0.00129273709879953
0.0014113530907974281
-0.0015107840241522525
0.0015875092465171008
-0.0016428141505952613
0.001677913965175726
-0.001690309093641624
0.001677913965175726
-0.0016428141505952613
0.0015875092465171008
-0.0015107840241522525
0.0014113530907974281
-0.00129273709879953
0.0011594850711245585
-0.0010107670098345768
0.0008443444206307209
-0.0006660363699595572
0.0004858953173868015
-0.00030118583200772767
0.00010297792053738085
-0.0001232751496632131
0.000360550381319016
-0.0005816666102688411
0.0007973139558406923
-0.0010107670098345768
0.0012099919454750042
-0.0013880227424407526
0.0015475391083649979
-0.0016895346360439967
0.001808563677672581
-0.0019004116507197412
0.001966617302297936
-0.002008635386106369
0.0020234736282145273
-0.002008635386106369
0.001966617302297936
-0.0019004116507197412
0.001808563677672581
-0.0016895346360439967
0.0015475391083649979
-0.0013880227424407526
0.0012099919454750042
-0.0010107670098345768
0.0007973139558406923
-0.0005816666102688411
0.000360550381319016
-0.0001232751496632131
0.0001414130994427037
-0.00041359955406150914
0.0006672494693794238
-0.0009146258433462808
0.0011594850711245585
-0.0013880227424407526
0.0015922478994489695
-0.0017752345255355045
0.001938122404649405
-0.0020746646497521557
0.0021800265704767573
-0.0022559733157524607
0.0023041736828193597
-0.0023211951329050297
0.0023041736828193597
-0.0022559733157524607
0.0021800265704767573
-0.0020746646497521557
0.001938122404649405
-0.0017752345255355045
0.0015922478994489695
-0.0013880227424407526
0.0011594850711245585
-0.0009146258433462808
0.0006672494693794238
-0.00041359955406150914
0.0001414130994427037
-0.00015766478108123196
0.00046113184283061524
-0.0007439320821823836
0.0010197378031506603
-0.00129273709879953
0.0015475391083649979
-0.0017752345255355045
0.0019792506064815005
-0.0021608581230587376
0.002313092274401892
-0.002430562750834473
0.0025152375582951315
-0.0025689772779645724
0.0025879548918632737
-0.0025689772779645724
0.0025152375582951315
-0.002430562750834473
0.002313092274401892
-0.0021608581230587376
0.0019792506064815005
-0.0017752345255355045
0.0015475391083649979
-0.00129273709879953
0.0010197378031506603
-0.0007439320821823836
0.00046113184283061524
-0.00015766478108123196
0.0001721314227738457
-0.0005034433159290248
0.0008121920880173437
-0.001113304554821048
0.0014113530907974281
-0.0016895346360439967
0.001938122404649405
-0.0021608581230587376
0.0023591291636835847
-0.0025253316655090567
0.0026535807272436733
-0.0027460249305803408
0.0028046955756206087
-0.0028254144936873714
0.0028046955756206087
-0.0027460249305803408
0.0026535807272436733
-0.0025253316655090567
0.0023591291636835847
-0.0021608581230587376
0.001938122404649405
-0.0016895346360439967
0.0014113530907974281
-0.001113304554821048
0.0008121920880173437
-0.0005034433159290248
0.0001721314227738457
-0.0001842582166553308
0.0005389112928091317
-0.0008694116583017293
0.001191737734806851
-0.0015107840241522525
0.001808563677672581
-0.0020746646497521557
0.002313092274401892
-0.0025253316655090567
0.002703243264080175
-0.0028405275729073164
0.0029394845429505877
-0.003002288580998545
0.003024467163110339
-0.003002288580998545
0.0029394845429505877
-0.0028405275729073164
0.002703243264080175
-0.0025253316655090567
0.002313092274401892
-0.0020746646497521557
0.001808563677672581
-0.0015107840241522525
0.001191737734806851
-0.0008694116583017293
0.0005389112928091317
-0.0001842582166553308
0.00019361577698124403
-0.000566279922682558
0.0009135647614212981
-0.001252260179604971
0.0015875092465171008
-0.0019004116507197412
0.0021800265704767573
-0.002430562750834473
0.0026535807272436733
-0.0028405275729073164
0.0029847838704195233
-0.0030887663738347016
0.0031547599172703296
-0.003178064839492332
0.0031547599172703296
-0.0030887663738347016
0.0029847838704195233
-0.0028405275729073164
0.0026535807272436733
-0.002430562750834473
0.0021800265704767573
-0.0019004116507197412
0.0015875092465171008
-0.001252260179604971
0.0009135647614212981
-0.000566279922682558
0.00019361577698124403
-0.00020036087279562035
0.0005860077175751275
-0.000945391102975176
0.0012958858336072367
-0.0016428141505952613
0.001966617302297936
-0.0022559733157524607
0.0025152375582951315
-0.0027460249305803408
0.0029394845429505877
-0.0030887663738347016
0.003196371371033649
-0.0032646639666464488
0.0032887807748406836
-0.0032646639666464488
0.003196371371033649
-0.0030887663738347016
0.0029394845429505877
-0.0027460249305803408
0.0025152375582951315
-0.0022559733157524607
0.001966617302297936
-0.0016428141505952613
0.0012958858336072367
-0.000945391102975176
0.0005860077175751275
-0.00020036087279562035
0.00020464171581231712
-0.0005985281613649229
0.0009655900112986927
-0.0013235732944564046
0.001677913965175726
-0.002008635386106369
0.0023041736828193597
-0.0025689772779645724
0.0028046955756206087
-0.003002288580998545
0.0031547599172703296
-0.0032646639666464488
0.0033344156788868715
-0.0033590477586932866
0.0033344156788868715
-0.0032646639666464488
0.0031547599172703296
-0.003002288580998545
0.0028046955756206087
-0.0025689772779645724
0.0023041736828193597
-0.002008635386106369
0.001677913965175726
-0.0013235732944564046
0.0009655900112986927
-0.0005985281613649229
0.00020464171581231712
-0.00020615345026928005
0.0006029496237310216
-0.000972723042242971
0.0013333508285608428
-0.001690309093641624
0.0020234736282145273
-0.0023211951329050297
0.0025879548918632737
-0.0028254144936873714
0.003024467163110339
-0.003178064839492332
0.0032887807748406836
-0.0033590477586932866
0.003383861801222416
-0.0033590477586932866
0.0032887807748406836
-0.003178064839492332
0.003024467163110339
-0.0028254144936873714
0.0025879548918632737
-0.0023211951329050297
0.0020234736282145273
-0.001690309093641624
0.0013333508285608428
-0.000972723042242971
0.0006029496237310216
-0.00020615345026928005
0.00020464171581231712
-0.0005985281613649229
0.0009655900112986927
-0.0013235732944564046
0.001677913965175726
-0.002008635386106369
0.0023041736828193597
-0.0025689772779645724
0.0028046955756206087
-0.003002288580998545
0.0031547599172703296
-0.0032646639666464488
0.0033344156788868715
-0.0033590477586932866
0.0033344156788868715
-0.0032646639666464488
0.0031547599172703296
-0.003002288580998545
0.0028046955756206087
-0.0025689772779645724
0.0023041736828193597
-0.002008635386106369
0.001677913965175726
-0.0013235732944564046
0.0009655900112986927
-0.0005985281613649229
0.00020464171581231712
-0.00020036087279562035
0.0005860077175751275
-0.000945391102975176
0.0012958858336072367
-0.0016428141505952613
0.001966617302297936
-0.0022559733157524607
0.0025152375582951315
-0.0027460249305803408
0.0029394845429505877
-0.0030887663738347016
0.003196371371033649
-0.0032646639666464488
0.0032887807748406836
-0.0032646639666464488
0.003196371371033649
-0.0030887663738347016
0.0029394845429505877
-0.0027460249305803408
0.0025152375582951315
-0.0022559733157524607
0.001966617302297936
-0.0016428141505952613
0.0012958858336072367
-0.000945391102975176
0.0005860077175751275
-0.00020036087279562035
0.00019361577698124403
-0.000566279922682558
0.0009135647614212981
-0.001252260179604971
0.0015875092465171008
-0.0019004116507197412
0.0021800265704767573
-0.002430562750834473
0.0026535807272436733
-0.0028405275729073164
0.0029847838704195233
-0.0030887663738347016
0.0031547599172703296
-0.003178064839492332
0.0031547599172703296
-0.0030887663738347016
0.0029847838704195233
-0.0028405275729073164
0.0026535807272436733
-0.002430562750834473
0.0021800265704767573
-0.0019004116507197412
0.0015875092465171008
-0.001252260179604971
0.0009135647614212981
-0.000566279922682558
0.00019361577698124403
-0.0001842582166553308
0.0005389112928091317
-0.0008694116583017293
0.001191737734806851
-0.0015107840241522525
0.001808563677672581
-0.0020746646497521557
0.002313092274401892
-0.0025253316655090567
0.002703243264080175
-0.0028405275729073164
0.0029394845429505877
-0.003002288580998545
0.003024467163110339
-0.003002288580998545
0.0029394845429505877
-0.0028405275729073164
0.002703243264080175
-0.0025253316655090567
0.002313092274401892
-0.0020746646497521557
0.001808563677672581
-0.0015107840241522525
0.001191737734806851
-0.0008694116583017293
0.0005389112928091317
-0.0001842582166553308
0.0001721314227738457
-0.0005034433159290248
0.0008121920880173437
-0.001113304554821048
0.0014113530907974281
-0.0016895346360439967
0.001938122404649405
-0.0021608581230587376
0.0023591291636835847
-0.0025253316655090567
0.0026535807272436733
-0.0027460249305803408
0.0028046955756206087
-0.0028254144936873714
0.0028046955756206087
-0.0027460249305803408
0.0026535807272436733
-0.0025253316655090567
0.0023591291636835847
-0.0021608581230587376
0.001938122404649405
-0.0016895346360439967
0.0014113530907974281
-0.001113304554821048
0.0008121920880173437
-0.0005034433159290248
0.0001721314227738457
-0.00015766478108123196
0.00046113184283061524
-0.0007439320821823836
0.0010197378031506603
-0.00129273709879953
0.0015475391083649979
-0.0017752345255355045
0.0019792506064815005
-0.0021608581230587376
0.002313092274401892
-0.002430562750834473
0.0025152375582951315
-0.0025689772779645724
0.0025879548918632737
-0.0025689772779645724
0.0025152375582951315
-0.002430562750834473
0.002313092274401892
-0.0021608581230587376
0.0019792506064815005
-0.0017752345255355045
0.0015475391083649979
-0.00129273709879953
0.0010197378031506603
-0.0007439320821823836
0.00046113184283061524
-0.00015766478108123196
0.0001414130994427037
-0.00041359955406150914
0.0006672494693794238
-0.0009146258433462808
0.0011594850711245585
-0.0013880227424407526
0.0015922478994489695
-0.0017752345255355045
0.001938122404649405
-0.0020746646497521557
0.0021800265704767573
-0.0022559733157524607
0.0023041736828193597
-0.0023211951329050297
0.0023041736828193597
-0.0022559733157524607
0.0021800265704767573
-0.0020746646497521557
0.001938122404649405
-0.0017752345255355045
0.0015922478994489695
-0.0013880227424407526
0.0011594850711245585
-0.0009146258433462808
0.0006672494693794238
-0.00041359955406150914
0.0001414130994427037
-0.0001232751496632131
0.000360550381319016
-0.0005816666102688411
0.0007973139558406923
-0.0010107670098345768
0.0012099919454750042
-0.0013880227424407526
0.0015475391083649979
-0.0016895346360439967
0.001808563677672581
-0.0019004116507197412
0.001966617302297936
-0.002008635386106369
0.0020234736282145273
-0.002008635386106369
0.001966617302297936
-0.0019004116507197412
0.001808563677672581
-0.0016895346360439967
0.0015475391083649979
-0.0013880227424407526
0.0012099919454750042
-0.0010107670098345768
0.0007973139558406923
-0.0005816666102688411
0.000360550381319016
-0.0001232751496632131
0.00010297792053738085
-0.00030118583200772767
0.0004858953173868015
-0.0006660363699595572
0.0008443444206307209
-0.0010107670098345768
0.0011594850711245585
-0.00129273709879953
0.0014113530907974281
-0.0015107840241522525
0.0015875092465171008
-0.0016428141505952613
0.001677913965175726
-0.001690309093641624
0.001677913965175726
-0.0016428141505952613
0.0015875092465171008
-0.0015107840241522525
0.0014113530907974281
-0.00129273709879953
0.0011594850711245585
-0.0010107670098345768
0.0008443444206307209
-0.0006660363699595572
0.0004858953173868015
-0.00030118583200772767
0.00010297792053738085
-0.00008123111695280311
0.00023758162348467733
-0.00038328429188992186
0.0005253832858604478
-0.0006660363699595572
0.0007973139558406923
-0.0009146258433462808
0.0010197378031506603
-0.001113304554821048
0.001191737734806851
-0.001252260179604971
0.0012958858336072367
-0.0013235732944564046
0.0013333508285608428
-0.0013235732944564046
0.0012958858336072367
-0.001252260179604971
0.001191737734806851
-0.001113304554821048
0.0010197378031506603
-0.0009146258433462808
0.0007973139558406923
-0.0006660363699595572
0.0005253832858604478
-0.00038328429188992186
0.00023758162348467733
-0.00008123111695280311
0.000059260756820026704
-0.0001733235654313721
0.0002796184278473225
-0.00038328429188992186
0.0004858953173868015
-0.0005816666102688411
0.0006672494693794238
-0.0007439320821823836
0.0008121920880173437
-0.0008694116583017293
0.0009135647614212981
-0.000945391102975176
0.0009655900112986927
-0.000972723042242971
0.0009655900112986927
-0.000945391102975176
0.0009135647614212981
-0.0008694116583017293
0.0008121920880173437
-0.0007439320821823836
0.0006672494693794238
-0.0005816666102688411
0.0004858953173868015
-0.00038328429188992186
0.0002796184278473225
-0.0001733235654313721
0.000059260756820026704
-0.00003673322155940618
0.00010743590315244234
-0.0001733235654313721
0.00023758162348467733
-0.00030118583200772767
0.000360550381319016
-0.00041359955406150914
0.00046113184283061524
-0.0005034433159290248
0.0005389112928091317
-0.000566279922682558
0.0005860077175751275
-0.0005985281613649229
0.0006029496237310216
-0.0005985281613649229
0.0005860077175751275
-0.000566279922682558
0.0005389112928091317
-0.0005034433159290248
0.00046113184283061524
-0.00041359955406150914
0.000360550381319016
-0.00030118583200772767
0.00023758162348467733
-0.0001733235654313721
0.00010743590315244234
-0.00003673322155940618
0.000012559391474727404
-0.00003673322155940618
0.000059260756820026704
-0.00008123111695280311
0.00010297792053738085
-0.0001232751496632131
0.0001414130994427037
-0.00015766478108123196
0.0001721314227738457
-0.0001842582166553308
0.00019361577698124403
-0.00020036087279562035
0.00020464171581231712
-0.00020615345026928005
0.00020464171581231712
-0.00020036087279562035
0.00019361577698124403
-0.0001842582166553308
0.0001721314227738457
-0.00015766478108123196
0.0001414130994427037
-0.0001232751496632131
0.00010297792053738085
-0.00008123111695280311
0.000059260756820026704
-0.00003673322155940618
0.000012559391474727404