4.449939187118976e-6
-0.000013039235469628381
0.000021118330096572818
-0.000029113893554856413
0.000037179457070737464
-0.00004492525547177018
0.00005214247142325199
-0.00005894943113886945
0.00006539509017716957
-0.00007130949987301797
0.0000765637473161744
-0.00008120424933130155
0.00008526199739778552
-0.00008863174792027038
0.000091225365441633
-0.00009308529128390072
0.0000942538661508573
-0.00009466332043537207
0.0000942538661508573
-0.00009308529128390072
0.000091225365441633
-0.00008863174792027038
0.00008526199739778552
-0.00008120424933130155
0.0000765637473161744
-0.00007130949987301797
0.00006539509017716957
-0.00005894943113886945
0.00005214247142325199
-0.00004492525547177018
0.000037179457070737464
-0.000029113893554856413
0.000021118330096572818
-0.000013039235469628381
4.449939187118976e-6
-0.000013039235469628381
0.00003820763711211343
-0.00006188104315035225
0.0000853096857139857
-0.00010894344281863192
0.00013164022248332807
-0.00015278814704349652
0.0001727339365997073
-0.00019162104098994684
0.00020895147573189883
-0.00022434749953045456
0.00023794512321207234
-0.0002498351581744533
0.0002597092190748295
-0.00026730905092805905
0.0002727590155216375
-0.0002761831798109481
0.0002773829649327966
-0.0002761831798109481
0.0002727590155216375
-0.00026730905092805905
0.0002597092190748295
-0.0002498351581744533
0.00023794512321207234
-0.00022434749953045456
0.00020895147573189883
-0.00019162104098994684
0.0001727339365997073
-0.00015278814704349652
0.00013164022248332807
-0.00010894344281863192
0.0000853096857139857
-0.00006188104315035225
0.00003820763711211343
-0.000013039235469628381
0.000021118330096572818
-0.00006188104315035225
0.00010022246312012109
-0.00013816746446056608
0.00017644466906513686
-0.00021320434613398694
0.0002474554993368967
-0.00027975967613207495
0.000310349207704732
-0.0003384175589857667
0.0003633529406275753
-0.00038537563560123725
0.00040463272193733585
-0.00042062473910532943
0.00043293341764164277
-0.00044176017374785055
0.0004473059461157928
-0.0004492491166572844
0.0004473059461157928
-0.00044176017374785055
0.00043293341764164277
-0.00042062473910532943
0.00040463272193733585
-0.00038537563560123725
0.0003633529406275753
-0.0003384175589857667
0.000310349207704732
-0.00027975967613207495
0.0002474554993368967
-0.00021320434613398694
0.00017644466906513686
-0.00013816746446056608
0.00010022246312012109
-0.00006188104315035225
0.000021118330096572818
-0.000029113893554856413
0.0000853096857139857
-0.00013816746446056608
0.00019047873741220349
-0.0002432479883586021
0.00029392516408222036
-0.0003411440693612141
0.00038567885787390573
-0.0004278498231929764
0.0004665450698208798
-0.0005009211802211595
0.0005312818382051124
-0.0005578298066856713
0.0005798765255042184
-0.0005968453651363504
0.0006090139995186929
-0.0006166594442892497
0.0006193383142588549
-0.0006166594442892497
0.0006090139995186929
-0.0005968453651363504
0.0005798765255042184
-0.0005578298066856713
0.0005312818382051124
-0.0005009211802211595
0.0004665450698208798
-0.0004278498231929764
0.00038567885787390573
-0.0003411440693612141
0.00029392516408222036
-0.0002432479883586021
0.00019047873741220349
-0.00013816746446056608
0.0000853096857139857
-0.000029113893554856413
0.000037179457070737464
-0.00010894344281863192
0.00017644466906513686
-0.0002432479883586021
0.0003106361615179195
-0.0003753526816814754
0.00043565286992114567
-0.0004925253474735614
0.0005463791403974697
-0.0005957943193783571
0.0006396938108180013
-0.0006784654295307937
0.0007123681108254977
-0.0007405225393742021
0.0007621923391711394
-0.0007777321095139602
0.0007874956090300252
-0.0007909166193749783
0.0007874956090300252
-0.0007777321095139602
0.0007621923391711394
-0.0007405225393742021
0.0007123681108254977
-0.0006784654295307937
0.0006396938108180013
-0.0005957943193783571
0.0005463791403974697
-0.0004925253474735614
0.00043565286992114567
-0.0003753526816814754
0.0003106361615179195
-0.0002432479883586021
0.00017644466906513686
-0.00010894344281863192
0.000037179457070737464
-0.00004492525547177018
0.00013164022248332807
-0.00021320434613398694
0.00029392516408222036
-0.0003753526816814754
0.0004535519462931155
-0.0005264148005437541
0.0005951358305064466
-0.0006602092768622463
0.0007199193887037364
-0.0007729646998349481
0.0008198138206387372
-0.0008607796318243271
0.0008947996255215389
-0.0009209840125083447
0.0009397612676816952
-0.0009515588501268394
0.0009556925781537489
-0.0009515588501268394
0.0009397612676816952
-0.0009209840125083447
0.0008947996255215389
-0.0008607796318243271
0.0008198138206387372
-0.0007729646998349481
0.0007199193887037364
-0.0006602092768622463
0.0005951358305064466
-0.0005264148005437541
0.0004535519462931155
-0.0003753526816814754
0.00029392516408222036
-0.00021320434613398694
0.00013164022248332807
-0.00004492525547177018
0.00005214247142325199
-0.00015278814704349652
0.0002474554993368967
-0.0003411440693612141
0.00043565286992114567
-0.0005264148005437541
0.0006109830296096488
-0.0006907440527441256
0.0007662715101038713
-0.0008355740164041521
0.0008971410256676775
-0.0009515164302605586
0.0009990633749945113
-0.0010385486607329695
0.0010689395541370777
-0.0010907333643447629
0.001104426221492697
-0.0011092240305034897
0.001104426221492697
-0.0010907333643447629
0.0010689395541370777
-0.0010385486607329695
0.0009990633749945113
-0.0009515164302605586
0.0008971410256676775
-0.0008355740164041521
0.0007662715101038713
-0.0006907440527441256
0.0006109830296096488
-0.0005264148005437541
0.00043565286992114567
-0.0003411440693612141
0.0002474554993368967
-0.00015278814704349652
0.00005214247142325199
-0.00005894943113886945
0.0001727339365997073
-0.00027975967613207495
0.00038567885787390573
-0.0004925253474735614
0.0005951358305064466
-0.0006907440527441256
0.0007809175104359468
-0.0008663047298215013
0.0009446543594303059
-0.0010142586584583702
0.0010757325219175316
-0.0011294865015036985
0.0011741264096074761
-0.001208484694304647
0.0012331235861527737
-0.0012486039827949735
0.0012540281236954574
-0.0012486039827949735
0.0012331235861527737
-0.001208484694304647
0.0011741264096074761
-0.0011294865015036985
0.0010757325219175316
-0.0010142586584583702
0.0009446543594303059
-0.0008663047298215013
0.0007809175104359468
-0.0006907440527441256
0.0005951358305064466
-0.0004925253474735614
0.00038567885787390573
-0.00027975967613207495
0.0001727339365997073
-0.00005894943113886945
0.00006539509017716957
-0.00019162104098994684
0.000310349207704732
-0.0004278498231929764
0.0005463791403974697
-0.0006602092768622463
0.0007662715101038713
-0.0008663047298215013
0.0009610283735245574
-0.001047944922075222
0.001125159906575007
-0.0011933554559939755
0.0012529870126435742
-0.0013025079454083055
0.0013406230396966854
-0.0013679560015785067
0.0013851290584653527
-0.001391146286731478
0.0013851290584653527
-0.0013679560015785067
0.0013406230396966854
-0.0013025079454083055
0.0012529870126435742
-0.0011933554559939755
0.001125159906575007
-0.001047944922075222
0.0009610283735245574
-0.0008663047298215013
0.0007662715101038713
-0.0006602092768622463
0.0005463791403974697
-0.0004278498231929764
0.000310349207704732
-0.00019162104098994684
0.00006539509017716957
-0.00007130949987301797
0.00020895147573189883
-0.0003384175589857667
0.0004665450698208798
-0.0005957943193783571
0.0007199193887037364
-0.0008355740164041521
0.0009446543594303059
-0.001047944922075222
0.0011427223066012638
-0.0012269207060906613
0.00130128394206843
-0.0013663086475900837
0.001420308312383438
-0.0014618705811096332
0.001491675568556862
-0.0015104017771235014
0.001516963210667162
-0.0015104017771235014
0.001491675568556862
-0.0014618705811096332
0.001420308312383438
-0.0013663086475900837
0.00130128394206843
-0.0012269207060906613
0.0011427223066012638
-0.001047944922075222
0.0009446543594303059
-0.0008355740164041521
0.0007199193887037364
-0.0005957943193783571
0.0004665450698208798
-0.0003384175589857667
0.00020895147573189883
-0.00007130949987301797
0.0000765637473161744
-0.00022434749953045456
0.0003633529406275753
-0.0005009211802211595
0.0006396938108180013
-0.0007729646998349481
0.0008971410256676775
-0.0010142586584583702
0.001125159906575007
-0.0012269207060906613
0.001317323036697551
-0.0013971655263960276
0.0014669814013037732
-0.0015249598852050588
0.001569584557181526
-0.001601585644438272
0.0016216916429860008
-0.0016287365379966693
0.0016216916429860008
-0.001601585644438272
0.001569584557181526
-0.0015249598852050588
0.0014669814013037732
-0.0013971655263960276
0.001317323036697551
-0.0012269207060906613
0.001125159906575007
-0.0010142586584583702
0.0008971410256676775
-0.0007729646998349481
0.0006396938108180013
-0.0005009211802211595
0.0003633529406275753
-0.00022434749953045456
0.0000765637473161744
-0.00008120424933130155
0.00023794512321207234
-0.00038537563560123725
0.0005312818382051124
-0.0006784654295307937
0.0008198138206387372
-0.0009515164302605586
0.0010757325219175316
-0.0011933554559939755
0.00130128394206843
-0.0013971655263960276
0.001481847241541614
-0.0015558946322718464
0.0016173871718562593
-0.0016647165296336452
0.0016986571916252583
-0.001719981807730871
0.0017274536913704838
-0.001719981807730871
0.0016986571916252583
-0.0016647165296336452
0.0016173871718562593
-0.0015558946322718464
0.001481847241541614
-0.0013971655263960276
0.00130128394206843
-0.0011933554559939755
0.0010757325219175316
-0.0009515164302605586
0.0008198138206387372
-0.0006784654295307937
0.0005312818382051124
-0.00038537563560123725
0.00023794512321207234
-0.00008120424933130155
0.00008526199739778552
-0.0002498351581744533
0.00040463272193733585
-0.0005578298066856713
0.0007123681108254977
-0.0008607796318243271
0.0009990633749945113
-0.0011294865015036985
0.0012529870126435742
-0.0013663086475900837
0.0014669814013037732
-0.0015558946322718464
0.0016336421453360458
-0.0016982074457138482
0.001747901835020872
-0.0017835385000752036
0.0018059286998230964
-0.001813773950886721
0.0018059286998230964
-0.0017835385000752036
0.001747901835020872
-0.0016982074457138482
0.0016336421453360458
-0.0015558946322718464
0.0014669814013037732
-0.0013663086475900837
0.0012529870126435742
-0.0011294865015036985
0.0009990633749945113
-0.0008607796318243271
0.0007123681108254977
-0.0005578298066856713
0.00040463272193733585
-0.0002498351581744533
0.00008526199739778552
-0.00008863174792027038
0.0002597092190748295
-0.00042062473910532943
0.0005798765255042184
-0.0007405225393742021
0.0008947996255215389
-0.0010385486607329695
0.0011741264096074761
-0.0013025079454083055
0.001420308312383438
-0.0015249598852050588
0.0016173871718562593
-0.0016982074457138482
0.0017653245154768719
-0.0018169829415111921
0.0018540280496509725
-0.0018773031616646078
0.0018854584751203593
-0.0018773031616646078
0.0018540280496509725
-0.0018169829415111921
0.0017653245154768719
-0.0016982074457138482
0.0016173871718562593
-0.0015249598852050588
0.001420308312383438
-0.0013025079454083055
0.0011741264096074761
-0.0010385486607329695
0.0008947996255215389
-0.0007405225393742021
0.0005798765255042184
-0.00042062473910532943
0.0002597092190748295
-0.00008863174792027038
0.000091225365441633
-0.00026730905092805905
0.00043293341764164277
-0.0005968453651363504
0.0007621923391711394
-0.0009209840125083447
0.0010689395541370777
-0.001208484694304647
0.0013406230396966854
-0.0014618705811096332
0.001569584557181526
-0.0016647165296336452
0.001747901835020872
-0.0018169829415111921
0.0018701530403042305
-0.0019082821938770146
0.0019322384019961282
-0.0019406323631640974
0.0019322384019961282
-0.0019082821938770146
0.0018701530403042305
-0.0018169829415111921
0.001747901835020872
-0.0016647165296336452
0.001569584557181526
-0.0014618705811096332
0.0013406230396966854
-0.001208484694304647
0.0010689395541370777
-0.0009209840125083447
0.0007621923391711394
-0.0005968453651363504
0.00043293341764164277
-0.00026730905092805905
0.000091225365441633
-0.00009308529128390072
0.0002727590155216375
-0.00044176017374785055
0.0006090139995186929
-0.0007777321095139602
0.0009397612676816952
-0.0010907333643447629
0.0012331235861527737
-0.0013679560015785067
0.001491675568556862
-0.001601585644438272
0.0016986571916252583
-0.0017835385000752036
0.0018540280496509725
-0.0019082821938770146
0.0019471887342843758
-0.0019716333676385958
0.0019801984670115994
-0.0019716333676385958
0.0019471887342843758
-0.0019082821938770146
0.0018540280496509725
-0.0017835385000752036
0.0016986571916252583
-0.001601585644438272
0.001491675568556862
-0.0013679560015785067
0.0012331235861527737
-0.0010907333643447629
0.0009397612676816952
-0.0007777321095139602
0.0006090139995186929
-0.00044176017374785055
0.0002727590155216375
-0.00009308529128390072
0.0000942538661508573
-0.0002761831798109481
0.0004473059461157928
-0.0006166594442892497
0.0007874956090300252
-0.0009515588501268394
0.001104426221492697
-0.0012486039827949735
0.0013851290584653527
-0.0015104017771235014
0.0016216916429860008
-0.001719981807730871
0.0018059286998230964
-0.0018773031616646078
0.0019322384019961282
-0.0019716333676385958
0.0019963848742246197
-0.002005057498209968
0.0019963848742246197
-0.0019716333676385958
0.0019322384019961282
-0.0018773031616646078
0.0018059286998230964
-0.001719981807730871
0.0016216916429860008
-0.0015104017771235014
0.0013851290584653527
-0.0012486039827949735
0.001104426221492697
-0.0009515588501268394
0.0007874956090300252
-0.0006166594442892497
0.0004473059461157928
-0.0002761831798109481
0.0000942538661508573
-0.00009466332043537207
0.0002773829649327966
-0.0004492491166572844
0.0006193383142588549
-0.0007909166193749783
0.0009556925781537489
-0.0011092240305034897
0.0012540281236954574
-0.001391146286731478
0.001516963210667162
-0.0016287365379966693
0.0017274536913704838
-0.001813773950886721
0.0018854584751203593
-0.0019406323631640974
0.0019801984670115994
-0.002005057498209968
0.002013767797499193
-0.002005057498209968
0.0019801984670115994
-0.0019406323631640974
0.0018854584751203593
-0.001813773950886721
0.0017274536913704838
-0.0016287365379966693
0.001516963210667162
-0.001391146286731478
0.0012540281236954574
-0.0011092240305034897
0.0009556925781537489
-0.0007909166193749783
0.0006193383142588549
-0.0004492491166572844
0.0002773829649327966
-0.00009466332043537207
0.0000942538661508573
-0.0002761831798109481
0.0004473059461157928
-0.0006166594442892497
0.0007874956090300252
-0.0009515588501268394
0.001104426221492697
-0.0012486039827949735
0.0013851290584653527
-0.0015104017771235014
0.0016216916429860008
-0.001719981807730871
0.0018059286998230964
-0.0018773031616646078
0.0019322384019961282
-0.0019716333676385958
0.0019963848742246197
-0.002005057498209968
0.0019963848742246197
-0.0019716333676385958
0.0019322384019961282
-0.0018773031616646078
0.0018059286998230964
-0.001719981807730871
0.0016216916429860008
-0.0015104017771235014
0.0013851290584653527
-0.0012486039827949735
0.001104426221492697
-0.0009515588501268394
0.0007874956090300252
-0.0006166594442892497
0.0004473059461157928
-0.0002761831798109481
0.0000942538661508573
-0.00009308529128390072
0.0002727590155216375
-0.00044176017374785055
0.0006090139995186929
-0.0007777321095139602
0.0009397612676816952
-0.0010907333643447629
0.0012331235861527737
-0.0013679560015785067
0.001491675568556862
-0.001601585644438272
0.0016986571916252583
-0.0017835385000752036
0.0018540280496509725
-0.0019082821938770146
0.0019471887342843758
-0.0019716333676385958
0.0019801984670115994
-0.0019716333676385958
0.0019471887342843758
-0.0019082821938770146
0.0018540280496509725
-0.0017835385000752036
0.0016986571916252583
-0.001601585644438272
0.001491675568556862
-0.0013679560015785067
0.0012331235861527737
-0.0010907333643447629
0.0009397612676816952
-0.0007777321095139602
0.0006090139995186929
-0.00044176017374785055
0.0002727590155216375
-0.00009308529128390072
0.000091225365441633
-0.00026730905092805905
0.00043293341764164277
-0.0005968453651363504
0.0007621923391711394
-0.0009209840125083447
0.0010689395541370777
-0.001208484694304647
0.0013406230396966854
-0.0014618705811096332
0.001569584557181526
-0.0016647165296336452
0.001747901835020872
-0.0018169829415111921
0.0018701530403042305
-0.0019082821938770146
0.0019322384019961282
-0.0019406323631640974
0.0019322384019961282
-0.0019082821938770146
0.0018701530403042305
-0.0018169829415111921
0.001747901835020872
-0.0016647165296336452
0.001569584557181526
-0.0014618705811096332
0.0013406230396966854
-0.001208484694304647
0.0010689395541370777
-0.0009209840125083447
0.0007621923391711394
-0.0005968453651363504
0.00043293341764164277
-0.00026730905092805905
0.000091225365441633
-0.00008863174792027038
0.0002597092190748295
-0.00042062473910532943
0.0005798765255042184
-0.0007405225393742021
0.0008947996255215389
-0.0010385486607329695
0.0011741264096074761
-0.0013025079454083055
0.001420308312383438
-0.0015249598852050588
0.0016173871718562593
-0.0016982074457138482
0.0017653245154768719
-0.0018169829415111921
0.0018540280496509725
-0.0018773031616646078
0.0018854584751203593
-0.0018773031616646078
0.0018540280496509725
-0.0018169829415111921
0.0017653245154768719
-0.0016982074457138482
0.0016173871718562593
-0.0015249598852050588
0.001420308312383438
-0.0013025079454083055
0.0011741264096074761
-0.0010385486607329695
0.0008947996255215389
-0.0007405225393742021
0.0005798765255042184
-0.00042062473910532943
0.0002597092190748295
-0.00008863174792027038
0.00008526199739778552
-0.0002498351581744533
0.00040463272193733585
-0.0005578298066856713
0.0007123681108254977
-0.0008607796318243271
0.0009990633749945113
-0.0011294865015036985
0.0012529870126435742
-0.0013663086475900837
0.0014669814013037732
-0.0015558946322718464
0.0016336421453360458
-0.0016982074457138482
0.001747901835020872
-0.0017835385000752036
0.0018059286998230964
-0.001813773950886721
0.0018059286998230964
-0.0017835385000752036
0.001747901835020872
-0.0016982074457138482
0.0016336421453360458
-0.0015558946322718464
0.0014669814013037732
-0.0013663086475900837
0.0012529870126435742
-0.0011294865015036985
0.0009990633749945113
-0.0008607796318243271
0.0007123681108254977
-0.0005578298066856713
0.00040463272193733585
-0.0002498351581744533
0.00008526199739778552
-0.00008120424933130155
0.00023794512321207234
-0.00038537563560123725
0.0005312818382051124
-0.0006784654295307937
0.0008198138206387372
-0.0009515164302605586
0.0010757325219175316
-0.0011933554559939755
0.00130128394206843
-0.0013971655263960276
0.001481847241541614
-0.0015558946322718464
0.0016173871718562593
-0.0016647165296336452
0.0016986571916252583
-0.001719981807730871
0.0017274536913704838
-0.001719981807730871
0.0016986571916252583
-0.0016647165296336452
0.0016173871718562593
-0.0015558946322718464
0.001481847241541614
-0.0013971655263960276
0.00130128394206843
-0.0011933554559939755
0.0010757325219175316
-0.0009515164302605586
0.0008198138206387372
-0.0006784654295307937
0.0005312818382051124
-0.00038537563560123725
0.00023794512321207234
-0.00008120424933130155
0.0000765637473161744
-0.00022434749953045456
0.0003633529406275753
-0.0005009211802211595
0.0006396938108180013
-0.0007729646998349481
0.0008971410256676775
-0.0010142586584583702
0.001125159906575007
-0.0012269207060906613
0.001317323036697551
-0.0013971655263960276
0.0014669814013037732
-0.0015249598852050588
0.001569584557181526
-0.001601585644438272
0.0016216916429860008
-0.0016287365379966693
0.0016216916429860008
-0.001601585644438272
0.001569584557181526
-0.0015249598852050588
0.0014669814013037732
-0.0013971655263960276
0.001317323036697551
-0.0012269207060906613
0.001125159906575007
-0.0010142586584583702
0.0008971410256676775
-0.0007729646998349481
0.0006396938108180013
-0.0005009211802211595
0.0003633529406275753
-0.00022434749953045456
0.0000765637473161744
-0.00007130949987301797
0.00020895147573189883
-0.0003384175589857667
0.0004665450698208798
-0.0005957943193783571
0.0007199193887037364
-0.0008355740164041521
0.0009446543594303059
-0.001047944922075222
0.0011427223066012638
-0.0012269207060906613
0.00130128394206843
-0.0013663086475900837
0.001420308312383438
-0.0014618705811096332
0.001491675568556862
-0.0015104017771235014
0.001516963210667162
-0.0015104017771235014
0.001491675568556862
-0.0014618705811096332
0.001420308312383438
-0.0013663086475900837
0.00130128394206843
-0.0012269207060906613
0.0011427223066012638
-0.001047944922075222
0.0009446543594303059
-0.0008355740164041521
0.0007199193887037364
-0.0005957943193783571
0.0004665450698208798
-0.0003384175589857667
0.00020895147573189883
-0.00007130949987301797
0.00006539509017716957
-0.00019162104098994684
0.000310349207704732
-0.0004278498231929764
0.0005463791403974697
-0.0006602092768622463
0.0007662715101038713
-0.0008663047298215013
0.0009610283735245574
-0.001047944922075222
0.001125159906575007
-0.0011933554559939755
0.0012529870126435742
-0.0013025079454083055
0.0013406230396966854
-0.0013679560015785067
0.0013851290584653527
-0.001391146286731478
0.0013851290584653527
-0.0013679560015785067
0.0013406230396966854
-0.0013025079454083055
0.0012529870126435742
-0.0011933554559939755
0.001125159906575007
-0.001047944922075222
0.0009610283735245574
-0.0008663047298215013
0.0007662715101038713
-0.0006602092768622463
0.0005463791403974697
-0.0004278498231929764
0.000310349207704732
-0.00019162104098994684
0.00006539509017716957
-0.00005894943113886945
0.0001727339365997073
-0.00027975967613207495
0.00038567885787390573
-0.0004925253474735614
0.0005951358305064466
-0.0006907440527441256
0.0007809175104359468
-0.0008663047298215013
0.0009446543594303059
-0.0010142586584583702
0.0010757325219175316
-0.0011294865015036985
0.0011741264096074761
-0.001208484694304647
0.0012331235861527737
-0.0012486039827949735
0.0012540281236954574
-0.0012486039827949735
0.0012331235861527737
-0.001208484694304647
0.0011741264096074761
-0.0011294865015036985
0.0010757325219175316
-0.0010142586584583702
0.0009446543594303059
-0.0008663047298215013
0.0007809175104359468
-0.0006907440527441256
0.0005951358305064466
-0.0004925253474735614
0.00038567885787390573
-0.00027975967613207495
0.0001727339365997073
-0.00005894943113886945
0.00005214247142325199
-0.00015278814704349652
0.0002474554993368967
-0.0003411440693612141
0.00043565286992114567
-0.0005264148005437541
0.0006109830296096488
-0.0006907440527441256
0.0007662715101038713
-0.0008355740164041521
0.0008971410256676775
-0.0009515164302605586
0.0009990633749945113
-0.0010385486607329695
0.0010689395541370777
-0.0010907333643447629
0.001104426221492697
-0.0011092240305034897
0.001104426221492697
-0.0010907333643447629
0.0010689395541370777
-0.0010385486607329695
0.0009990633749945113
-0.0009515164302605586
0.0008971410256676775
-0.0008355740164041521
0.0007662715101038713
-0.0006907440527441256
0.0006109830296096488
-0.0005264148005437541
0.00043565286992114567
-0.0003411440693612141
0.0002474554993368967
-0.00015278814704349652
0.00005214247142325199
-0.00004492525547177018
0.00013164022248332807
-0.00021320434613398694
0.00029392516408222036
-0.0003753526816814754
0.0004535519462931155
-0.0005264148005437541
0.0005951358305064466
-0.0006602092768622463
0.0007199193887037364
-0.0007729646998349481
0.0008198138206387372
-0.0008607796318243271
0.0008947996255215389
-0.0009209840125083447
0.0009397612676816952
-0.0009515588501268394
0.0009556925781537489
-0.0009515588501268394
0.0009397612676816952
-0.0009209840125083447
0.0008947996255215389
-0.0008607796318243271
0.0008198138206387372
-0.0007729646998349481
0.0007199193887037364
-0.0006602092768622463
0.0005951358305064466
-0.0005264148005437541
0.0004535519462931155
-0.0003753526816814754
0.00029392516408222036
-0.00021320434613398694
0.00013164022248332807
-0.00004492525547177018
0.000037179457070737464
-0.00010894344281863192
0.00017644466906513686
-0.0002432479883586021
0.0003106361615179195
-0.0003753526816814754
0.00043565286992114567
-0.0004925253474735614
0.0005463791403974697
-0.0005957943193783571
0.0006396938108180013
-0.0006784654295307937
0.0007123681108254977
-0.0007405225393742021
0.0007621923391711394
-0.0007777321095139602
0.0007874956090300252
-0.0007909166193749783
0.0007874956090300252
-0.0007777321095139602
0.0007621923391711394
-0.0007405225393742021
0.0007123681108254977
-0.0006784654295307937
0.0006396938108180013
-0.0005957943193783571
0.0005463791403974697
-0.0004925253474735614
0.00043565286992114567
-0.0003753526816814754
0.0003106361615179195
-0.0002432479883586021
0.00017644466906513686
-0.00010894344281863192
0.000037179457070737464
-0.000029113893554856413
0.0000853096857139857
-0.00013816746446056608
0.00019047873741220349
-0.0002432479883586021
0.00029392516408222036
-0.0003411440693612141
0.00038567885787390573
-0.0004278498231929764
0.0004665450698208798
-0.0005009211802211595
0.0005312818382051124
-0.0005578298066856713
0.0005798765255042184
-0.0005968453651363504
0.0006090139995186929
-0.0006166594442892497
0.0006193383142588549
-0.0006166594442892497
0.0006090139995186929
-0.0005968453651363504
0.0005798765255042184
-0.0005578298066856713
0.0005312818382051124
-0.0005009211802211595
0.0004665450698208798
-0.0004278498231929764
0.00038567885787390573
-0.0003411440693612141
0.00029392516408222036
-0.0002432479883586021
0.00019047873741220349
-0.00013816746446056608
0.0000853096857139857
-0.000029113893554856413
0.000021118330096572818
-0.00006188104315035225
0.00010022246312012109
-0.00013816746446056608
0.00017644466906513686
-0.00021320434613398694
0.0002474554993368967
-0.00027975967613207495
0.000310349207704732
-0.0003384175589857667
0.0003633529406275753
-0.00038537563560123725
0.00040463272193733585
-0.00042062473910532943
0.00043293341764164277
-0.00044176017374785055
0.0004473059461157928
-0.0004492491166572844
0.0004473059461157928
-0.00044176017374785055
0.00043293341764164277
-0.00042062473910532943
0.00040463272193733585
-0.00038537563560123725
0.0003633529406275753
-0.0003384175589857667
0.000310349207704732
-0.00027975967613207495
0.0002474554993368967
-0.00021320434613398694
0.00017644466906513686
-0.00013816746446056608
0.00010022246312012109
-0.00006188104315035225
0.000021118330096572818
-0.000013039235469628381
0.00003820763711211343
-0.00006188104315035225
0.0000853096857139857
-0.00010894344281863192
0.00013164022248332807
-0.00015278814704349652
0.0001727339365997073
-0.00019162104098994684
0.00020895147573189883
-0.00022434749953045456
0.00023794512321207234
-0.0002498351581744533
0.0002597092190748295
-0.00026730905092805905
0.0002727590155216375
-0.0002761831798109481
0.0002773829649327966
-0.0002761831798109481
0.0002727590155216375
-0.00026730905092805905
0.0002597092190748295
-0.0002498351581744533
0.00023794512321207234
-0.00022434749953045456
0.00020895147573189883
-0.00019162104098994684
0.0001727339365997073
-0.00015278814704349652
0.00013164022248332807
-0.00010894344281863192
0.0000853096857139857
-0.00006188104315035225
0.00003820763711211343
-0.000013039235469628381
4.449939187118976e-6
-0.000013039235469628381
0.000021118330096572818
-0.000029113893554856413
0.000037179457070737464
-0.00004492525547177018
0.00005214247142325199
-0.00005894943113886945
0.00006539509017716957
-0.00007130949987301797
0.0000765637473161744
-0.00008120424933130155
0.00008526199739778552
-0.00008863174792027038
0.000091225365441633
-0.00009308529128390072
0.0000942538661508573
-0.00009466332043537207
0.0000942538661508573
-0.00009308529128390072
0.000091225365441633
-0.00008863174792027038
0.00008526199739778552
-0.00008120424933130155
0.0000765637473161744
-0.00007130949987301797
0.00006539509017716957
-0.00005894943113886945
0.00005214247142325199
-0.00004492525547177018
0.000037179457070737464
-0.000029113893554856413
0.000021118330096572818
-0.000013039235469628381
4.449939187118976e-6