2.361729218688511e-6
-6.926119039403712e-6
0.000011238688923137843
-0.000015531630216364278
0.000019887726112187258
-0.000024115907664950506
0.00002812342146597271
-0.00003197131660291102
0.000035680328116084606
-0.0000391770859345438
0.000042411694285128315
-0.000045399237432349826
0.00004814249271524247
-0.000050601977296568296
0.000052749360852785044
-0.000054588142175839996
0.00005611648518979065
-0.000057314737738463323
0.00005817102787550577
-0.00005868663827540863
0.00005885967524455992
-0.00005868663827540863
0.00005817102787550577
-0.000057314737738463323
0.00005611648518979065
-0.000054588142175839996
0.000052749360852785044
-0.000050601977296568296
0.00004814249271524247
-0.000045399237432349826
0.000042411694285128315
-0.0000391770859345438
0.000035680328116084606
-0.00003197131660291102
0.00002812342146597271
-0.000024115907664950506
0.000019887726112187258
-0.000015531630216364278
0.000011238688923137843
-6.926119039403712e-6
2.361729218688511e-6
-6.926119039403712e-6
0.00002031186495403118
-0.000032959111786619696
0.000045548794884400575
-0.00005832368816292895
0.00007072345377658015
-0.00008247607868306558
0.00009376059833023196
-0.0001046378212800435
0.00011489257898510462
-0.0001243785447362666
0.0001331399553625455
-0.00014118495582002324
0.00014839775686895137
-0.0001546952756598119
0.0001600877729156925
-0.00016456986407326453
0.0001680839162879314
-0.00017059511332715707
0.0001721072168229443
-0.0001726146732396562
0.0001721072168229443
-0.00017059511332715707
0.0001680839162879314
-0.00016456986407326453
0.0001600877729156925
-0.0001546952756598119
0.00014839775686895137
-0.00014118495582002324
0.0001331399553625455
-0.0001243785447362666
0.00011489257898510462
-0.0001046378212800435
0.00009376059833023196
-0.00008247607868306558
0.00007072345377658015
-0.00005832368816292895
0.000045548794884400575
-0.000032959111786619696
0.00002031186495403118
-6.926119039403712e-6
0.000011238688923137843
-0.000032959111786619696
0.00005348120678339292
-0.00007390989580416769
0.00009463911670938989
-0.00011475963552502446
0.00013383006942933163
-0.00015214093085692536
0.00016979089101283284
-0.00018643080597439477
0.00020182323824509787
-0.00021603996885518863
0.0002290942142433646
-0.00024079808863423336
0.0002510167773797548
-0.0002597669300746375
0.00026703980944019857
-0.00027274189735922237
0.000276816699162079
-0.00027927031867281223
0.00028009374442928994
-0.00027927031867281223
0.000276816699162079
-0.00027274189735922237
0.00026703980944019857
-0.0002597669300746375
0.0002510167773797548
-0.00024079808863423336
0.0002290942142433646
-0.00021603996885518863
0.00020182323824509787
-0.00018643080597439477
0.00016979089101283284
-0.00015214093085692536
0.00013383006942933163
-0.00011475963552502446
0.00009463911670938989
-0.00007390989580416769
0.00005348120678339292
-0.000032959111786619696
0.000011238688923137843
-0.000015531630216364278
0.000045548794884400575
-0.00007390989580416769
0.00010214191164211359
-0.00013078925618337955
0.0001585953873204788
-0.00018495032333597068
0.00021025554626557464
-0.0002346474176261871
0.00025764342790658994
-0.0002789154435121473
0.00029856266430735966
-0.000316603355130771
0.00033277786181753463
-0.0003468998733775138
0.0003589923991981944
-0.00036904336454536785
0.0003769235293604243
-0.00038255481920568805
0.00038594566943679534
-0.0003870836264038141
0.00038594566943679534
-0.00038255481920568805
0.0003769235293604243
-0.00036904336454536785
0.0003589923991981944
-0.0003468998733775138
0.00033277786181753463
-0.000316603355130771
0.00029856266430735966
-0.0002789154435121473
0.00025764342790658994
-0.0002346474176261871
0.00021025554626557464
-0.00018495032333597068
0.0001585953873204788
-0.00013078925618337955
0.00010214191164211359
-0.00007390989580416769
0.000045548794884400575
-0.000015531630216364278
0.000019887726112187258
-0.00005832368816292895
0.00009463911670938989
-0.00013078925618337955
0.00016747120998613531
-0.00020307601853427763
0.00023682262091141143
-0.0002692251012577154
0.00030045806587417013
-0.0003299036776843096
0.0003571417727409229
-0.0003822993731085371
0.00040539986629389716
-0.0004261107739388124
0.00044419353113464734
-0.0004596776006222702
0.0004725475211137499
-0.0004826378050940894
0.0004898484808918527
-0.0004941903496940507
0.0004956474650240101
-0.0004941903496940507
0.0004898484808918527
-0.0004826378050940894
0.0004725475211137499
-0.0004596776006222702
0.00044419353113464734
-0.0004261107739388124
0.00040539986629389716
-0.0003822993731085371
0.0003571417727409229
-0.0003299036776843096
0.00030045806587417013
-0.0002692251012577154
0.00023682262091141143
-0.00020307601853427763
0.00016747120998613531
-0.00013078925618337955
0.00009463911670938989
-0.00005832368816292895
0.000019887726112187258
-0.000024115907664950506
0.00007072345377658015
-0.00011475963552502446
0.0001585953873204788
-0.00020307601853427763
0.0002462505006511176
-0.0002871717172015628
0.000326463047931826
-0.00036433622089007174
0.0004000420452535792
-0.0004330710291428886
0.000463577199839061
-0.0004915889170927281
0.0005167030167944543
-0.0005386302145244774
0.0005574062368779008
-0.0005730123354573449
0.0005852478396779044
-0.0005939915236345227
0.000599256484874258
-0.0006010233866586179
0.000599256484874258
-0.0005939915236345227
0.0005852478396779044
-0.0005730123354573449
0.0005574062368779008
-0.0005386302145244774
0.0005167030167944543
-0.0004915889170927281
0.000463577199839061
-0.0004330710291428886
0.0004000420452535792
-0.00036433622089007174
0.000326463047931826
-0.0002871717172015628
0.0002462505006511176
-0.00020307601853427763
0.0001585953873204788
-0.00011475963552502446
0.00007072345377658015
-0.000024115907664950506
0.00002812342146597271
-0.00008247607868306558
0.00013383006942933163
-0.00018495032333597068
0.00023682262091141143
-0.0002871717172015628
0.00033489310658227925
-0.0003807137602951025
0.0004248805907605571
-0.00046651990872926673
0.0005050375563922612
-0.0005406131568515493
0.0005732797826014682
-0.0006025672728532499
0.0006281382707147739
-0.0006500344397263721
0.0006682339159346471
-0.0006825026818805208
0.0006926993666785237
-0.0006988392443892966
0.0007008997649494558
-0.0006988392443892966
0.0006926993666785237
-0.0006825026818805208
0.0006682339159346471
-0.0006500344397263721
0.0006281382707147739
-0.0006025672728532499
0.0005732797826014682
-0.0005406131568515493
0.0005050375563922612
-0.00046651990872926673
0.0004248805907605571
-0.0003807137602951025
0.00033489310658227925
-0.0002871717172015628
0.00023682262091141143
-0.00018495032333597068
0.00013383006942933163
-0.00008247607868306558
0.00002812342146597271
-0.00003197131660291102
0.00009376059833023196
-0.00015214093085692536
0.00021025554626557464
-0.0002692251012577154
0.000326463047931826
-0.0003807137602951025
0.0004328036750509405
-0.0004830134876040343
0.0005303499690317166
-0.0005741376678265787
0.0006145807834339287
-0.0006517169133839458
0.0006850115686760592
-0.0007140812346650396
0.0007389732753688232
-0.0007596628353701165
0.0007758838785365863
-0.0007874756913738499
0.0007944556377659269
-0.000796798082310783
0.0007944556377659269
-0.0007874756913738499
0.0007758838785365863
-0.0007596628353701165
0.0007389732753688232
-0.0007140812346650396
0.0006850115686760592
-0.0006517169133839458
0.0006145807834339287
-0.0005741376678265787
0.0005303499690317166
-0.0004830134876040343
0.0004328036750509405
-0.0003807137602951025
0.000326463047931826
-0.0002692251012577154
0.00021025554626557464
-0.00015214093085692536
0.00009376059833023196
-0.00003197131660291102
0.000035680328116084606
-0.0001046378212800435
0.00016979089101283284
-0.0002346474176261871
0.00030045806587417013
-0.00036433622089007174
0.0004248805907605571
-0.0004830134876040343
0.000539048170466559
-0.0005918761853455854
0.0006407437212013565
-0.0006858786667786557
0.0007273229813195691
-0.0007644801694356934
0.0007969222247190021
-0.0008247020059154095
0.000847791774115833
-0.0008658946301775103
0.0008788312161376942
-0.0008866209102749482
0.0008892351032089541
-0.0008866209102749482
0.0008788312161376942
-0.0008658946301775103
0.000847791774115833
-0.0008247020059154095
0.0007969222247190021
-0.0007644801694356934
0.0007273229813195691
-0.0006858786667786557
0.0006407437212013565
-0.0005918761853455854
0.000539048170466559
-0.0004830134876040343
0.0004248805907605571
-0.00036433622089007174
0.00030045806587417013
-0.0002346474176261871
0.00016979089101283284
-0.0001046378212800435
0.000035680328116084606
-0.0000391770859345438
0.00011489257898510462
-0.00018643080597439477
0.00025764342790658994
-0.0003299036776843096
0.0004000420452535792
-0.00046651990872926673
0.0005303499690317166
-0.0005918761853455854
0.0006498814725148474
-0.0007035381442080625
0.0007530964228141295
-0.0007986023796815967
0.0008394010614419023
-0.0008750225160314537
0.000905524782480171
-0.0009308774033992848
0.0009507543828172317
-0.0009649587852603041
0.000973511888124889
-0.0009763822782427103
0.000973511888124889
-0.0009649587852603041
0.0009507543828172317
-0.0009308774033992848
0.000905524782480171
-0.0008750225160314537
0.0008394010614419023
-0.0007986023796815967
0.0007530964228141295
-0.0007035381442080625
0.0006498814725148474
-0.0005918761853455854
0.0005303499690317166
-0.00046651990872926673
0.0004000420452535792
-0.0003299036776843096
0.00025764342790658994
-0.00018643080597439477
0.00011489257898510462
-0.0000391770859345438
0.000042411694285128315
-0.0001243785447362666
0.00020182323824509787
-0.0002789154435121473
0.0003571417727409229
-0.0004330710291428886
0.0005050375563922612
-0.0005741376678265787
0.0006407437212013565
-0.0007035381442080625
0.0007616249136020974
-0.000815274911078925
0.0008645380118118338
-0.0009087051870056533
0.0009472676835774451
-0.0009802883324788957
0.0010077341616440535
-0.0010292522596412922
0.0010446294312595448
-0.0010538887106374983
0.0010569960910169244
-0.0010538887106374983
0.0010446294312595448
-0.0010292522596412922
0.0010077341616440535
-0.0009802883324788957
0.0009472676835774451
-0.0009087051870056533
0.0008645380118118338
-0.000815274911078925
0.0007616249136020974
-0.0007035381442080625
0.0006407437212013565
-0.0005741376678265787
0.0005050375563922612
-0.0004330710291428886
0.0003571417727409229
-0.0002789154435121473
0.00020182323824509787
-0.0001243785447362666
0.000042411694285128315
-0.000045399237432349826
0.0001331399553625455
-0.00021603996885518863
0.00029856266430735966
-0.0003822993731085371
0.000463577199839061
-0.0005406131568515493
0.0006145807834339287
-0.0006858786667786557
0.0007530964228141295
-0.000815274911078925
0.0008727040945800787
-0.0009254373617726446
0.0009727157388131843
-0.001013994635291056
0.0010493413080641095
-0.0010787204624647777
0.0011017543274526181
-0.0011182146900271884
0.0011281262068863385
-0.0011314524757849533
0.0011281262068863385
-0.0011182146900271884
0.0011017543274526181
-0.0010787204624647777
0.0010493413080641095
-0.001013994635291056
0.0009727157388131843
-0.0009254373617726446
0.0008727040945800787
-0.000815274911078925
0.0007530964228141295
-0.0006858786667786557
0.0006145807834339287
-0.0005406131568515493
0.000463577199839061
-0.0003822993731085371
0.00029856266430735966
-0.00021603996885518863
0.0001331399553625455
-0.000045399237432349826
0.00004814249271524247
-0.00014118495582002324
0.0002290942142433646
-0.000316603355130771
0.00040539986629389716
-0.0004915889170927281
0.0005732797826014682
-0.0006517169133839458
0.0007273229813195691
-0.0007986023796815967
0.0008645380118118338
-0.0009254373617726446
0.0009813570440239602
-0.0010314922236215104
0.0010752654032027851
-0.001112747903630694
0.0011439022975524365
-0.001168327987059521
0.0011857829693489776
-0.0011962933910030784
0.0011998206501659472
-0.0011962933910030784
0.0011857829693489776
-0.001168327987059521
0.0011439022975524365
-0.001112747903630694
0.0010752654032027851
-0.0010314922236215104
0.0009813570440239602
-0.0009254373617726446
0.0008645380118118338
-0.0007986023796815967
0.0007273229813195691
-0.0006517169133839458
0.0005732797826014682
-0.0004915889170927281
0.00040539986629389716
-0.000316603355130771
0.0002290942142433646
-0.00014118495582002324
0.00004814249271524247
-0.000050601977296568296
0.00014839775686895137
-0.00024079808863423336
0.00033277786181753463
-0.0004261107739388124
0.0005167030167944543
-0.0006025672728532499
0.0006850115686760592
-0.0007644801694356934
0.0008394010614419023
-0.0009087051870056533
0.0009727157388131843
-0.0010314922236215104
0.0010841886893978114
-0.0011301981358232762
0.0011695955273727822
-0.001202341524619768
0.001228015064068613
-0.0012463617795730939
0.0012574091534817112
-0.0012611166118622799
0.0012574091534817112
-0.0012463617795730939
0.001228015064068613
-0.001202341524619768
0.0011695955273727822
-0.0011301981358232762
0.0010841886893978114
-0.0010314922236215104
0.0009727157388131843
-0.0009087051870056533
0.0008394010614419023
-0.0007644801694356934
0.0006850115686760592
-0.0006025672728532499
0.0005167030167944543
-0.0004261107739388124
0.00033277786181753463
-0.00024079808863423336
0.00014839775686895137
-0.000050601977296568296
0.000052749360852785044
-0.0001546952756598119
0.0002510167773797548
-0.0003468998733775138
0.00044419353113464734
-0.0005386302145244774
0.0006281382707147739
-0.0007140812346650396
0.0007969222247190021
-0.0008750225160314537
0.0009472676835774451
-0.001013994635291056
0.0010752654032027851
-0.0011301981358232762
0.0011781600737117847
-0.0012192293625920099
0.0012533649935999053
-0.0012801280346727527
0.0012992533251912886
-0.0013107695137656197
0.0013146343046376667
-0.0013107695137656197
0.0012992533251912886
-0.0012801280346727527
0.0012533649935999053
-0.0012192293625920099
0.0011781600737117847
-0.0011301981358232762
0.0010752654032027851
-0.001013994635291056
0.0009472676835774451
-0.0008750225160314537
0.0007969222247190021
-0.0007140812346650396
0.0006281382707147739
-0.0005386302145244774
0.00044419353113464734
-0.0003468998733775138
0.0002510167773797548
-0.0001546952756598119
0.000052749360852785044
-0.000054588142175839996
0.0001600877729156925
-0.0002597669300746375
0.0003589923991981944
-0.0004596776006222702
0.0005574062368779008
-0.0006500344397263721
0.0007389732753688232
-0.0008247020059154095
0.000905524782480171
-0.0009802883324788957
0.0010493413080641095
-0.001112747903630694
0.0011695955273727822
-0.0012192293625920099
0.0012617302790810484
-0.001297055838454582
0.0013247518079890698
-0.001344543783874688
0.0013564614133787462
-0.001360460926362268
0.0013564614133787462
-0.001344543783874688
0.0013247518079890698
-0.001297055838454582
0.0012617302790810484
-0.0012192293625920099
0.0011695955273727822
-0.001112747903630694
0.0010493413080641095
-0.0009802883324788957
0.000905524782480171
-0.0008247020059154095
0.0007389732753688232
-0.0006500344397263721
0.0005574062368779008
-0.0004596776006222702
0.0003589923991981944
-0.0002597669300746375
0.0001600877729156925
-0.000054588142175839996
0.00005611648518979065
-0.00016456986407326453
0.00026703980944019857
-0.00036904336454536785
0.0004725475211137499
-0.0005730123354573449
0.0006682339159346471
-0.0007596628353701165
0.000847791774115833
-0.0009308774033992848
0.0010077341616440535
-0.0010787204624647777
0.0011439022975524365
-0.001202341524619768
0.0012533649935999053
-0.001297055838454582
0.0013333704326208467
-0.0013618418258987597
0.001382187931800007
-0.0013944392276475123
0.0013985507178386092
-0.0013944392276475123
0.001382187931800007
-0.0013618418258987597
0.0013333704326208467
-0.001297055838454582
0.0012533649935999053
-0.001202341524619768
0.0011439022975524365
-0.0010787204624647777
0.0010077341616440535
-0.0009308774033992848
0.000847791774115833
-0.0007596628353701165
0.0006682339159346471
-0.0005730123354573449
0.0004725475211137499
-0.00036904336454536785
0.00026703980944019857
-0.00016456986407326453
0.00005611648518979065
-0.000057314737738463323
0.0001680839162879314
-0.00027274189735922237
0.0003769235293604243
-0.0004826378050940894
0.0005852478396779044
-0.0006825026818805208
0.0007758838785365863
-0.0008658946301775103
0.0009507543828172317
-0.0010292522596412922
0.0011017543274526181
-0.001168327987059521
0.001228015064068613
-0.0012801280346727527
0.0013247518079890698
-0.0013618418258987597
0.0013909211674372265
-0.0014117017227372427
0.00142421461990251
-0.0014284139025414707
0.00142421461990251
-0.0014117017227372427
0.0013909211674372265
-0.0013618418258987597
0.0013247518079890698
-0.0012801280346727527
0.001228015064068613
-0.001168327987059521
0.0011017543274526181
-0.0010292522596412922
0.0009507543828172317
-0.0008658946301775103
0.0007758838785365863
-0.0006825026818805208
0.0005852478396779044
-0.0004826378050940894
0.0003769235293604243
-0.00027274189735922237
0.0001680839162879314
-0.000057314737738463323
0.00005817102787550577
-0.00017059511332715707
0.000276816699162079
-0.00038255481920568805
0.0004898484808918527
-0.0005939915236345227
0.0006926993666785237
-0.0007874756913738499
0.0008788312161376942
-0.0009649587852603041
0.0010446294312595448
-0.0011182146900271884
0.0011857829693489776
-0.0012463617795730939
0.0012992533251912886
-0.001344543783874688
0.001382187931800007
-0.0014117017227372427
0.001432792742417762
-0.0014454925840034563
0.0014497546045078996
-0.0014454925840034563
0.001432792742417762
-0.0014117017227372427
0.001382187931800007
-0.001344543783874688
0.0012992533251912886
-0.0012463617795730939
0.0011857829693489776
-0.0011182146900271884
0.0010446294312595448
-0.0009649587852603041
0.0008788312161376942
-0.0007874756913738499
0.0006926993666785237
-0.0005939915236345227
0.0004898484808918527
-0.00038255481920568805
0.000276816699162079
-0.00017059511332715707
0.00005817102787550577
-0.00005868663827540863
0.0001721072168229443
-0.00027927031867281223
0.00038594566943679534
-0.0004941903496940507
0.000599256484874258
-0.0006988392443892966
0.0007944556377659269
-0.0008866209102749482
0.000973511888124889
-0.0010538887106374983
0.0011281262068863385
-0.0011962933910030784
0.0012574091534817112
-0.0013107695137656197
0.0013564614133787462
-0.0013944392276475123
0.00142421461990251
-0.0014454925840034563
0.0014583049931444758
-0.0014626047909098159
0.0014583049931444758
-0.0014454925840034563
0.00142421461990251
-0.0013944392276475123
0.0013564614133787462
-0.0013107695137656197
0.0012574091534817112
-0.0011962933910030784
0.0011281262068863385
-0.0010538887106374983
0.000973511888124889
-0.0008866209102749482
0.0007944556377659269
-0.0006988392443892966
0.000599256484874258
-0.0004941903496940507
0.00038594566943679534
-0.00027927031867281223
0.0001721072168229443
-0.00005868663827540863
0.00005885967524455992
-0.0001726146732396562
0.00028009374442928994
-0.0003870836264038141
0.0004956474650240101
-0.0006010233866586179
0.0007008997649494558
-0.000796798082310783
0.0008892351032089541
-0.0009763822782427103
0.0010569960910169244
-0.0011314524757849533
0.0011998206501659472
-0.0012611166118622799
0.0013146343046376667
-0.001360460926362268
0.0013985507178386092
-0.0014284139025414707
0.0014497546045078996
-0.0014626047909098159
0.0014669172665860934
-0.0014626047909098159
0.0014497546045078996
-0.0014284139025414707
0.0013985507178386092
-0.001360460926362268
0.0013146343046376667
-0.0012611166118622799
0.0011998206501659472
-0.0011314524757849533
0.0010569960910169244
-0.0009763822782427103
0.0008892351032089541
-0.000796798082310783
0.0007008997649494558
-0.0006010233866586179
0.0004956474650240101
-0.0003870836264038141
0.00028009374442928994
-0.0001726146732396562
0.00005885967524455992
-0.00005868663827540863
0.0001721072168229443
-0.00027927031867281223
0.00038594566943679534
-0.0004941903496940507
0.000599256484874258
-0.0006988392443892966
0.0007944556377659269
-0.0008866209102749482
0.000973511888124889
-0.0010538887106374983
0.0011281262068863385
-0.0011962933910030784
0.0012574091534817112
-0.0013107695137656197
0.0013564614133787462
-0.0013944392276475123
0.00142421461990251
-0.0014454925840034563
0.0014583049931444758
-0.0014626047909098159
0.0014583049931444758
-0.0014454925840034563
0.00142421461990251
-0.0013944392276475123
0.0013564614133787462
-0.0013107695137656197
0.0012574091534817112
-0.0011962933910030784
0.0011281262068863385
-0.0010538887106374983
0.000973511888124889
-0.0008866209102749482
0.0007944556377659269
-0.0006988392443892966
0.000599256484874258
-0.0004941903496940507
0.00038594566943679534
-0.00027927031867281223
0.0001721072168229443
-0.00005868663827540863
0.00005817102787550577
-0.00017059511332715707
0.000276816699162079
-0.00038255481920568805
0.0004898484808918527
-0.0005939915236345227
0.0006926993666785237
-0.0007874756913738499
0.0008788312161376942
-0.0009649587852603041
0.0010446294312595448
-0.0011182146900271884
0.0011857829693489776
-0.0012463617795730939
0.0012992533251912886
-0.001344543783874688
0.001382187931800007
-0.0014117017227372427
0.001432792742417762
-0.0014454925840034563
0.0014497546045078996
-0.0014454925840034563
0.001432792742417762
-0.0014117017227372427
0.001382187931800007
-0.001344543783874688
0.0012992533251912886
-0.0012463617795730939
0.0011857829693489776
-0.0011182146900271884
0.0010446294312595448
-0.0009649587852603041
0.0008788312161376942
-0.0007874756913738499
0.0006926993666785237
-0.0005939915236345227
0.0004898484808918527
-0.00038255481920568805
0.000276816699162079
-0.00017059511332715707
0.00005817102787550577
-0.000057314737738463323
0.0001680839162879314
-0.00027274189735922237
0.0003769235293604243
-0.0004826378050940894
0.0005852478396779044
-0.0006825026818805208
0.0007758838785365863
-0.0008658946301775103
0.0009507543828172317
-0.0010292522596412922
0.0011017543274526181
-0.001168327987059521
0.001228015064068613
-0.0012801280346727527
0.0013247518079890698
-0.0013618418258987597
0.0013909211674372265
-0.0014117017227372427
0.00142421461990251
-0.0014284139025414707
0.00142421461990251
-0.0014117017227372427
0.0013909211674372265
-0.0013618418258987597
0.0013247518079890698
-0.0012801280346727527
0.001228015064068613
-0.001168327987059521
0.0011017543274526181
-0.0010292522596412922
0.0009507543828172317
-0.0008658946301775103
0.0007758838785365863
-0.0006825026818805208
0.0005852478396779044
-0.0004826378050940894
0.0003769235293604243
-0.00027274189735922237
0.0001680839162879314
-0.000057314737738463323
0.00005611648518979065
-0.00016456986407326453
0.00026703980944019857
-0.00036904336454536785
0.0004725475211137499
-0.0005730123354573449
0.0006682339159346471
-0.0007596628353701165
0.000847791774115833
-0.0009308774033992848
0.0010077341616440535
-0.0010787204624647777
0.0011439022975524365
-0.001202341524619768
0.0012533649935999053
-0.001297055838454582
0.0013333704326208467
-0.0013618418258987597
0.001382187931800007
-0.0013944392276475123
0.0013985507178386092
-0.0013944392276475123
0.001382187931800007
-0.0013618418258987597
0.0013333704326208467
-0.001297055838454582
0.0012533649935999053
-0.001202341524619768
0.0011439022975524365
-0.0010787204624647777
0.0010077341616440535
-0.0009308774033992848
0.000847791774115833
-0.0007596628353701165
0.0006682339159346471
-0.0005730123354573449
0.0004725475211137499
-0.00036904336454536785
0.00026703980944019857
-0.00016456986407326453
0.00005611648518979065
-0.000054588142175839996
0.0001600877729156925
-0.0002597669300746375
0.0003589923991981944
-0.0004596776006222702
0.0005574062368779008
-0.0006500344397263721
0.0007389732753688232
-0.0008247020059154095
0.000905524782480171
-0.0009802883324788957
0.0010493413080641095
-0.001112747903630694
0.0011695955273727822
-0.0012192293625920099
0.0012617302790810484
-0.001297055838454582
0.0013247518079890698
-0.001344543783874688
0.0013564614133787462
-0.001360460926362268
0.0013564614133787462
-0.001344543783874688
0.0013247518079890698
-0.001297055838454582
0.0012617302790810484
-0.0012192293625920099
0.0011695955273727822
-0.001112747903630694
0.0010493413080641095
-0.0009802883324788957
0.000905524782480171
-0.0008247020059154095
0.0007389732753688232
-0.0006500344397263721
0.0005574062368779008
-0.0004596776006222702
0.0003589923991981944
-0.0002597669300746375
0.0001600877729156925
-0.000054588142175839996
0.000052749360852785044
-0.0001546952756598119
0.0002510167773797548
-0.0003468998733775138
0.00044419353113464734
-0.0005386302145244774
0.0006281382707147739
-0.0007140812346650396
0.0007969222247190021
-0.0008750225160314537
0.0009472676835774451
-0.001013994635291056
0.0010752654032027851
-0.0011301981358232762
0.0011781600737117847
-0.0012192293625920099
0.0012533649935999053
-0.0012801280346727527
0.0012992533251912886
-0.0013107695137656197
0.0013146343046376667
-0.0013107695137656197
0.0012992533251912886
-0.0012801280346727527
0.0012533649935999053
-0.0012192293625920099
0.0011781600737117847
-0.0011301981358232762
0.0010752654032027851
-0.001013994635291056
0.0009472676835774451
-0.0008750225160314537
0.0007969222247190021
-0.0007140812346650396
0.0006281382707147739
-0.0005386302145244774
0.00044419353113464734
-0.0003468998733775138
0.0002510167773797548
-0.0001546952756598119
0.000052749360852785044
-0.000050601977296568296
0.00014839775686895137
-0.00024079808863423336
0.00033277786181753463
-0.0004261107739388124
0.0005167030167944543
-0.0006025672728532499
0.0006850115686760592
-0.0007644801694356934
0.0008394010614419023
-0.0009087051870056533
0.0009727157388131843
-0.0010314922236215104
0.0010841886893978114
-0.0011301981358232762
0.0011695955273727822
-0.001202341524619768
0.001228015064068613
-0.0012463617795730939
0.0012574091534817112
-0.0012611166118622799
0.0012574091534817112
-0.0012463617795730939
0.001228015064068613
-0.001202341524619768
0.0011695955273727822
-0.0011301981358232762
0.0010841886893978114
-0.0010314922236215104
0.0009727157388131843
-0.0009087051870056533
0.0008394010614419023
-0.0007644801694356934
0.0006850115686760592
-0.0006025672728532499
0.0005167030167944543
-0.0004261107739388124
0.00033277786181753463
-0.00024079808863423336
0.00014839775686895137
-0.000050601977296568296
0.00004814249271524247
-0.00014118495582002324
0.0002290942142433646
-0.000316603355130771
0.00040539986629389716
-0.0004915889170927281
0.0005732797826014682
-0.0006517169133839458
0.0007273229813195691
-0.0007986023796815967
0.0008645380118118338
-0.0009254373617726446
0.0009813570440239602
-0.0010314922236215104
0.0010752654032027851
-0.001112747903630694
0.0011439022975524365
-0.001168327987059521
0.0011857829693489776
-0.0011962933910030784
0.0011998206501659472
-0.0011962933910030784
0.0011857829693489776
-0.001168327987059521
0.0011439022975524365
-0.001112747903630694
0.0010752654032027851
-0.0010314922236215104
0.0009813570440239602
-0.0009254373617726446
0.0008645380118118338
-0.0007986023796815967
0.0007273229813195691
-0.0006517169133839458
0.0005732797826014682
-0.0004915889170927281
0.00040539986629389716
-0.000316603355130771
0.0002290942142433646
-0.00014118495582002324
0.00004814249271524247
-0.000045399237432349826
0.0001331399553625455
-0.00021603996885518863
0.00029856266430735966
-0.0003822993731085371
0.000463577199839061
-0.0005406131568515493
0.0006145807834339287
-0.0006858786667786557
0.0007530964228141295
-0.000815274911078925
0.0008727040945800787
-0.0009254373617726446
0.0009727157388131843
-0.001013994635291056
0.0010493413080641095
-0.0010787204624647777
0.0011017543274526181
-0.0011182146900271884
0.0011281262068863385
-0.0011314524757849533
0.0011281262068863385
-0.0011182146900271884
0.0011017543274526181
-0.0010787204624647777
0.0010493413080641095
-0.001013994635291056
0.0009727157388131843
-0.0009254373617726446
0.0008727040945800787
-0.000815274911078925
0.0007530964228141295
-0.0006858786667786557
0.0006145807834339287
-0.0005406131568515493
0.000463577199839061
-0.0003822993731085371
0.00029856266430735966
-0.00021603996885518863
0.0001331399553625455
-0.000045399237432349826
0.000042411694285128315
-0.0001243785447362666
0.00020182323824509787
-0.0002789154435121473
0.0003571417727409229
-0.0004330710291428886
0.0005050375563922612
-0.0005741376678265787
0.0006407437212013565
-0.0007035381442080625
0.0007616249136020974
-0.000815274911078925
0.0008645380118118338
-0.0009087051870056533
0.0009472676835774451
-0.0009802883324788957
0.0010077341616440535
-0.0010292522596412922
0.0010446294312595448
-0.0010538887106374983
0.0010569960910169244
-0.0010538887106374983
0.0010446294312595448
-0.0010292522596412922
0.0010077341616440535
-0.0009802883324788957
0.0009472676835774451
-0.0009087051870056533
0.0008645380118118338
-0.000815274911078925
0.0007616249136020974
-0.0007035381442080625
0.0006407437212013565
-0.0005741376678265787
0.0005050375563922612
-0.0004330710291428886
0.0003571417727409229
-0.0002789154435121473
0.00020182323824509787
-0.0001243785447362666
0.000042411694285128315
-0.0000391770859345438
0.00011489257898510462
-0.00018643080597439477
0.00025764342790658994
-0.0003299036776843096
0.0004000420452535792
-0.00046651990872926673
0.0005303499690317166
-0.0005918761853455854
0.0006498814725148474
-0.0007035381442080625
0.0007530964228141295
-0.0007986023796815967
0.0008394010614419023
-0.0008750225160314537
0.000905524782480171
-0.0009308774033992848
0.0009507543828172317
-0.0009649587852603041
0.000973511888124889
-0.0009763822782427103
0.000973511888124889
-0.0009649587852603041
0.0009507543828172317
-0.0009308774033992848
0.000905524782480171
-0.0008750225160314537
0.0008394010614419023
-0.0007986023796815967
0.0007530964228141295
-0.0007035381442080625
0.0006498814725148474
-0.0005918761853455854
0.0005303499690317166
-0.00046651990872926673
0.0004000420452535792
-0.0003299036776843096
0.00025764342790658994
-0.00018643080597439477
0.00011489257898510462
-0.0000391770859345438
0.000035680328116084606
-0.0001046378212800435
0.00016979089101283284
-0.0002346474176261871
0.00030045806587417013
-0.00036433622089007174
0.0004248805907605571
-0.0004830134876040343
0.000539048170466559
-0.0005918761853455854
0.0006407437212013565
-0.0006858786667786557
0.0007273229813195691
-0.0007644801694356934
0.0007969222247190021
-0.0008247020059154095
0.000847791774115833
-0.0008658946301775103
0.0008788312161376942
-0.0008866209102749482
0.0008892351032089541
-0.0008866209102749482
0.0008788312161376942
-0.0008658946301775103
0.000847791774115833
-0.0008247020059154095
0.0007969222247190021
-0.0007644801694356934
0.0007273229813195691
-0.0006858786667786557
0.0006407437212013565
-0.0005918761853455854
0.000539048170466559
-0.0004830134876040343
0.0004248805907605571
-0.00036433622089007174
0.00030045806587417013
-0.0002346474176261871
0.00016979089101283284
-0.0001046378212800435
0.000035680328116084606
-0.00003197131660291102
0.00009376059833023196
-0.00015214093085692536
0.00021025554626557464
-0.0002692251012577154
0.000326463047931826
-0.0003807137602951025
0.0004328036750509405
-0.0004830134876040343
0.0005303499690317166
-0.0005741376678265787
0.0006145807834339287
-0.0006517169133839458
0.0006850115686760592
-0.0007140812346650396
0.0007389732753688232
-0.0007596628353701165
0.0007758838785365863
-0.0007874756913738499
0.0007944556377659269
-0.000796798082310783
0.0007944556377659269
-0.0007874756913738499
0.0007758838785365863
-0.0007596628353701165
0.0007389732753688232
-0.0007140812346650396
0.0006850115686760592
-0.0006517169133839458
0.0006145807834339287
-0.0005741376678265787
0.0005303499690317166
-0.0004830134876040343
0.0004328036750509405
-0.0003807137602951025
0.000326463047931826
-0.0002692251012577154
0.00021025554626557464
-0.00015214093085692536
0.00009376059833023196
-0.00003197131660291102
0.00002812342146597271
-0.00008247607868306558
0.00013383006942933163
-0.00018495032333597068
0.00023682262091141143
-0.0002871717172015628
0.00033489310658227925
-0.0003807137602951025
0.0004248805907605571
-0.00046651990872926673
0.0005050375563922612
-0.0005406131568515493
0.0005732797826014682
-0.0006025672728532499
0.0006281382707147739
-0.0006500344397263721
0.0006682339159346471
-0.0006825026818805208
0.0006926993666785237
-0.0006988392443892966
0.0007008997649494558
-0.0006988392443892966
0.0006926993666785237
-0.0006825026818805208
0.0006682339159346471
-0.0006500344397263721
0.0006281382707147739
-0.0006025672728532499
0.0005732797826014682
-0.0005406131568515493
0.0005050375563922612
-0.00046651990872926673
0.0004248805907605571
-0.0003807137602951025
0.00033489310658227925
-0.0002871717172015628
0.00023682262091141143
-0.00018495032333597068
0.00013383006942933163
-0.00008247607868306558
0.00002812342146597271
-0.000024115907664950506
0.00007072345377658015
-0.00011475963552502446
0.0001585953873204788
-0.00020307601853427763
0.0002462505006511176
-0.0002871717172015628
0.000326463047931826
-0.00036433622089007174
0.0004000420452535792
-0.0004330710291428886
0.000463577199839061
-0.0004915889170927281
0.0005167030167944543
-0.0005386302145244774
0.0005574062368779008
-0.0005730123354573449
0.0005852478396779044
-0.0005939915236345227
0.000599256484874258
-0.0006010233866586179
0.000599256484874258
-0.0005939915236345227
0.0005852478396779044
-0.0005730123354573449
0.0005574062368779008
-0.0005386302145244774
0.0005167030167944543
-0.0004915889170927281
0.000463577199839061
-0.0004330710291428886
0.0004000420452535792
-0.00036433622089007174
0.000326463047931826
-0.0002871717172015628
0.0002462505006511176
-0.00020307601853427763
0.0001585953873204788
-0.00011475963552502446
0.00007072345377658015
-0.000024115907664950506
0.000019887726112187258
-0.00005832368816292895
0.00009463911670938989
-0.00013078925618337955
0.00016747120998613531
-0.00020307601853427763
0.00023682262091141143
-0.0002692251012577154
0.00030045806587417013
-0.0003299036776843096
0.0003571417727409229
-0.0003822993731085371
0.00040539986629389716
-0.0004261107739388124
0.00044419353113464734
-0.0004596776006222702
0.0004725475211137499
-0.0004826378050940894
0.0004898484808918527
-0.0004941903496940507
0.0004956474650240101
-0.0004941903496940507
0.0004898484808918527
-0.0004826378050940894
0.0004725475211137499
-0.0004596776006222702
0.00044419353113464734
-0.0004261107739388124
0.00040539986629389716
-0.0003822993731085371
0.0003571417727409229
-0.0003299036776843096
0.00030045806587417013
-0.0002692251012577154
0.00023682262091141143
-0.00020307601853427763
0.00016747120998613531
-0.00013078925618337955
0.00009463911670938989
-0.00005832368816292895
0.000019887726112187258
-0.000015531630216364278
0.000045548794884400575
-0.00007390989580416769
0.00010214191164211359
-0.00013078925618337955
0.0001585953873204788
-0.00018495032333597068
0.00021025554626557464
-0.0002346474176261871
0.00025764342790658994
-0.0002789154435121473
0.00029856266430735966
-0.000316603355130771
0.00033277786181753463
-0.0003468998733775138
0.0003589923991981944
-0.00036904336454536785
0.0003769235293604243
-0.00038255481920568805
0.00038594566943679534
-0.0003870836264038141
0.00038594566943679534
-0.00038255481920568805
0.0003769235293604243
-0.00036904336454536785
0.0003589923991981944
-0.0003468998733775138
0.00033277786181753463
-0.000316603355130771
0.00029856266430735966
-0.0002789154435121473
0.00025764342790658994
-0.0002346474176261871
0.00021025554626557464
-0.00018495032333597068
0.0001585953873204788
-0.00013078925618337955
0.00010214191164211359
-0.00007390989580416769
0.000045548794884400575
-0.000015531630216364278
0.000011238688923137843
-0.000032959111786619696
0.00005348120678339292
-0.00007390989580416769
0.00009463911670938989
-0.00011475963552502446
0.00013383006942933163
-0.00015214093085692536
0.00016979089101283284
-0.00018643080597439477
0.00020182323824509787
-0.00021603996885518863
0.0002290942142433646
-0.00024079808863423336
0.0002510167773797548
-0.0002597669300746375
0.00026703980944019857
-0.00027274189735922237
0.000276816699162079
-0.00027927031867281223
0.00028009374442928994
-0.00027927031867281223
0.000276816699162079
-0.00027274189735922237
0.00026703980944019857
-0.0002597669300746375
0.0002510167773797548
-0.00024079808863423336
0.0002290942142433646
-0.00021603996885518863
0.00020182323824509787
-0.00018643080597439477
0.00016979089101283284
-0.00015214093085692536
0.00013383006942933163
-0.00011475963552502446
0.00009463911670938989
-0.00007390989580416769
0.00005348120678339292
-0.000032959111786619696
0.000011238688923137843
-6.926119039403712e-6
0.00002031186495403118
-0.000032959111786619696
0.000045548794884400575
-0.00005832368816292895
0.00007072345377658015
-0.00008247607868306558
0.00009376059833023196
-0.0001046378212800435
0.00011489257898510462
-0.0001243785447362666
0.0001331399553625455
-0.00014118495582002324
0.00014839775686895137
-0.0001546952756598119
0.0001600877729156925
-0.00016456986407326453
0.0001680839162879314
-0.00017059511332715707
0.0001721072168229443
-0.0001726146732396562
0.0001721072168229443
-0.00017059511332715707
0.0001680839162879314
-0.00016456986407326453
0.0001600877729156925
-0.0001546952756598119
0.00014839775686895137
-0.00014118495582002324
0.0001331399553625455
-0.0001243785447362666
0.00011489257898510462
-0.0001046378212800435
0.00009376059833023196
-0.00008247607868306558
0.00007072345377658015
-0.00005832368816292895
0.000045548794884400575
-0.000032959111786619696
0.00002031186495403118
-6.926119039403712e-6
2.361729218688511e-6
-6.926119039403712e-6
0.000011238688923137843
-0.000015531630216364278
0.000019887726112187258
-0.000024115907664950506
0.00002812342146597271
-0.00003197131660291102
0.000035680328116084606
-0.0000391770859345438
0.000042411694285128315
-0.000045399237432349826
0.00004814249271524247
-0.000050601977296568296
0.000052749360852785044
-0.000054588142175839996
0.00005611648518979065
-0.000057314737738463323
0.00005817102787550577
-0.00005868663827540863
0.00005885967524455992
-0.00005868663827540863
0.00005817102787550577
-0.000057314737738463323
0.00005611648518979065
-0.000054588142175839996
0.000052749360852785044
-0.000050601977296568296
0.00004814249271524247
-0.000045399237432349826
0.000042411694285128315
-0.0000391770859345438
0.000035680328116084606
-0.00003197131660291102
0.00002812342146597271
-0.000024115907664950506
0.000019887726112187258
-0.000015531630216364278
0.000011238688923137843
-6.926119039403712e-6
2.361729218688511e-6