0.00001704744952836989
-0.000049833745024583126
0.00008033768589267913
-0.00010991490467506197
0.0001388346460111661
-0.00016548051811265653
0.00018899727276012822
-0.00020957595651978955
0.0002271337307577145
-0.00024108488248556
0.00025108872929592856
-0.00025715108221787845
0.0002592031495790858
-0.00025715108221787845
0.00025108872929592856
-0.00024108488248556
0.0002271337307577145
-0.00020957595651978955
0.00018899727276012822
-0.00016548051811265653
0.0001388346460111661
-0.00010991490467506197
0.00008033768589267913
-0.000049833745024583126
0.00001704744952836989
-0.000049833745024583126
0.00014567587597442977
-0.0002348461421151746
0.00032130737943309015
-0.00040584665397512293
0.00048373886852918477
-0.0005524839293640912
0.0006126403109808171
-0.0006639658563719823
0.0007047483873217134
-0.000733992008215458
0.0007517137060717107
-0.0007577123864890654
0.0007517137060717107
-0.000733992008215458
0.0007047483873217134
-0.0006639658563719823
0.0006126403109808171
-0.0005524839293640912
0.00048373886852918477
-0.00040584665397512293
0.00032130737943309015
-0.0002348461421151746
0.00014567587597442977
-0.000049833745024583126
0.00008033768589267913
-0.0002348461421151746
0.0003785987906196743
-0.0005179841754048747
0.0006542711367882192
-0.0007798422786568959
0.0008906671645109173
-0.0009876461190001014
0.0010703887573844295
-0.0011361348529213334
0.0011832789081908561
-0.0012118483082060119
0.0012215188658352303
-0.0012118483082060119
0.0011832789081908561
-0.0011361348529213334
0.0010703887573844295
-0.0009876461190001014
0.0008906671645109173
-0.0007798422786568959
0.0006542711367882192
-0.0005179841754048747
0.0003785987906196743
-0.0002348461421151746
0.00008033768589267913
-0.00010991490467506197
0.00032130737943309015
-0.0005179841754048747
0.0007086858506090674
-0.0008951483831360247
0.001066949947184959
-0.0012185762559205884
0.0013512590985955129
-0.0014644643659556633
0.0015544156228707552
-0.001618916290065323
0.0016580038346516144
-0.0016712347163749214
0.0016580038346516144
-0.001618916290065323
0.0015544156228707552
-0.0014644643659556633
0.0013512590985955129
-0.0012185762559205884
0.001066949947184959
-0.0008951483831360247
0.0007086858506090674
-0.0005179841754048747
0.00032130737943309015
-0.00010991490467506197
0.0001388346460111661
-0.00040584665397512293
0.0006542711367882192
-0.0008951483831360247
0.0011306711247901793
-0.0013476754464462042
0.0015391961957160441
-0.0017067892582673491
0.0018497799952107057
-0.001963398352511612
0.002044869808306575
-0.0020942416876902326
0.0021109537504073075
-0.0020942416876902326
0.002044869808306575
-0.001963398352511612
0.0018497799952107057
-0.0017067892582673491
0.0015391961957160441
-0.0013476754464462042
0.0011306711247901793
-0.0008951483831360247
0.0006542711367882192
-0.00040584665397512293
0.0001388346460111661
-0.00016548051811265653
0.00048373886852918477
-0.0007798422786568959
0.001066949947184959
-0.0013476754464462042
0.0016063283735940606
-0.001834606787729595
0.0020343651882432988
-0.002204799456018175
0.0023402240432768245
-0.0024373319273942986
0.002496179516345159
-0.0025160990456313164
0.002496179516345159
-0.0024373319273942986
0.0023402240432768245
-0.002204799456018175
0.0020343651882432988
-0.001834606787729595
0.0016063283735940606
-0.0013476754464462042
0.001066949947184959
-0.0007798422786568959
0.00048373886852918477
-0.00016548051811265653
0.00018899727276012822
-0.0005524839293640912
0.0008906671645109173
-0.0012185762559205884
0.0015391961957160441
-0.001834606787729595
0.002095326286276556
-0.0023234727372219975
0.002518127746534887
-0.002672797782309891
0.0027837058545774358
-0.002850916387557819
0.0028736667194560208
-0.002850916387557819
0.0027837058545774358
-0.002672797782309891
0.002518127746534887
-0.0023234727372219975
0.002095326286276556
-0.001834606787729595
0.0015391961957160441
-0.0012185762559205884
0.0008906671645109173
-0.0005524839293640912
0.00018899727276012822
-0.00020957595651978955
0.0006126403109808171
-0.0009876461190001014
0.0013512590985955129
-0.0017067892582673491
0.0020343651882432988
-0.0023234727372219975
0.0025764605713066236
-0.0027923102985135005
0.0029638213484831856
-0.0030868054793745186
0.00316133413014212
-0.0031865615977085945
0.00316133413014212
-0.0030868054793745186
0.0029638213484831856
-0.0027923102985135005
0.0025764605713066236
-0.0023234727372219975
0.0020343651882432988
-0.0017067892582673491
0.0013512590985955129
-0.0009876461190001014
0.0006126403109808171
-0.00020957595651978955
0.0002271337307577145
-0.0006639658563719823
0.0010703887573844295
-0.0014644643659556633
0.0018497799952107057
-0.002204799456018175
0.002518127746534887
-0.0027923102985135005
0.003026243401516676
-0.0032121232385585213
0.003345410686876601
-0.0034261831704109212
0.0034535241350954916
-0.0034261831704109212
0.003345410686876601
-0.0032121232385585213
0.003026243401516676
-0.0027923102985135005
0.002518127746534887
-0.002204799456018175
0.0018497799952107057
-0.0014644643659556633
0.0010703887573844295
-0.0006639658563719823
0.0002271337307577145
-0.00024108488248556
0.0007047483873217134
-0.0011361348529213334
0.0015544156228707552
-0.001963398352511612
0.0023402240432768245
-0.002672797782309891
0.0029638213484831856
-0.0032121232385585213
0.0034094203045652895
-0.0035508946188706424
0.00363662836099682
-0.003665648679714046
0.00363662836099682
-0.0035508946188706424
0.0034094203045652895
-0.0032121232385585213
0.0029638213484831856
-0.002672797782309891
0.0023402240432768245
-0.001963398352511612
0.0015544156228707552
-0.0011361348529213334
0.0007047483873217134
-0.00024108488248556
0.00025108872929592856
-0.000733992008215458
0.0011832789081908561
-0.001618916290065323
0.002044869808306575
-0.0024373319273942986
0.0027837058545774358
-0.0030868054793745186
0.003345410686876601
-0.0035508946188706424
0.0036982394272249016
-0.0037875307015109868
0.00381775522191785
-0.0037875307015109868
0.0036982394272249016
-0.0035508946188706424
0.003345410686876601
-0.0030868054793745186
0.0027837058545774358
-0.0024373319273942986
0.002044869808306575
-0.001618916290065323
0.0011832789081908561
-0.000733992008215458
0.00025108872929592856
-0.00025715108221787845
0.0007517137060717107
-0.0012118483082060119
0.0016580038346516144
-0.0020942416876902326
0.002496179516345159
-0.002850916387557819
0.00316133413014212
-0.0034261831704109212
0.00363662836099682
-0.0037875307015109868
0.0038789778480223633
-0.003909932117271865
0.0038789778480223633
-0.0037875307015109868
0.00363662836099682
-0.0034261831704109212
0.00316133413014212
-0.002850916387557819
0.002496179516345159
-0.0020942416876902326
0.0016580038346516144
-0.0012118483082060119
0.0007517137060717107
-0.00025715108221787845
0.0002592031495790858
-0.0007577123864890654
0.0012215188658352303
-0.0016712347163749214
0.0021109537504073075
-0.0025160990456313164
0.0028736667194560208
-0.0031865615977085945
0.0034535241350954916
-0.003665648679714046
0.00381775522191785
-0.003909932117271865
0.0039411334017976345
-0.003909932117271865
0.00381775522191785
-0.003665648679714046
0.0034535241350954916
-0.0031865615977085945
0.0028736667194560208
-0.0025160990456313164
0.0021109537504073075
-0.0016712347163749214
0.0012215188658352303
-0.0007577123864890654
0.0002592031495790858
-0.00025715108221787845
0.0007517137060717107
-0.0012118483082060119
0.0016580038346516144
-0.0020942416876902326
0.002496179516345159
-0.002850916387557819
0.00316133413014212
-0.0034261831704109212
0.00363662836099682
-0.0037875307015109868
0.0038789778480223633
-0.003909932117271865
0.0038789778480223633
-0.0037875307015109868
0.00363662836099682
-0.0034261831704109212
0.00316133413014212
-0.002850916387557819
0.002496179516345159
-0.0020942416876902326
0.0016580038346516144
-0.0012118483082060119
0.0007517137060717107
-0.00025715108221787845
0.00025108872929592856
-0.000733992008215458
0.0011832789081908561
-0.001618916290065323
0.002044869808306575
-0.0024373319273942986
0.0027837058545774358
-0.0030868054793745186
0.003345410686876601
-0.0035508946188706424
0.0036982394272249016
-0.0037875307015109868
0.00381775522191785
-0.0037875307015109868
0.0036982394272249016
-0.0035508946188706424
0.003345410686876601
-0.0030868054793745186
0.0027837058545774358
-0.0024373319273942986
0.002044869808306575
-0.001618916290065323
0.0011832789081908561
-0.000733992008215458
0.00025108872929592856
-0.00024108488248556
0.0007047483873217134
-0.0011361348529213334
0.0015544156228707552
-0.001963398352511612
0.0023402240432768245
-0.002672797782309891
0.0029638213484831856
-0.0032121232385585213
0.0034094203045652895
-0.0035508946188706424
0.00363662836099682
-0.003665648679714046
0.00363662836099682
-0.0035508946188706424
0.0034094203045652895
-0.0032121232385585213
0.0029638213484831856
-0.002672797782309891
0.0023402240432768245
-0.001963398352511612
0.0015544156228707552
-0.0011361348529213334
0.0007047483873217134
-0.00024108488248556
0.0002271337307577145
-0.0006639658563719823
0.0010703887573844295
-0.0014644643659556633
0.0018497799952107057
-0.002204799456018175
0.002518127746534887
-0.0027923102985135005
0.003026243401516676
-0.0032121232385585213
0.003345410686876601
-0.0034261831704109212
0.0034535241350954916
-0.0034261831704109212
0.003345410686876601
-0.0032121232385585213
0.003026243401516676
-0.0027923102985135005
0.002518127746534887
-0.002204799456018175
0.0018497799952107057
-0.0014644643659556633
0.0010703887573844295
-0.0006639658563719823
0.0002271337307577145
-0.00020957595651978955
0.0006126403109808171
-0.0009876461190001014
0.0013512590985955129
-0.0017067892582673491
0.0020343651882432988
-0.0023234727372219975
0.0025764605713066236
-0.0027923102985135005
0.0029638213484831856
-0.0030868054793745186
0.00316133413014212
-0.0031865615977085945
0.00316133413014212
-0.0030868054793745186
0.0029638213484831856
-0.0027923102985135005
0.0025764605713066236
-0.0023234727372219975
0.0020343651882432988
-0.0017067892582673491
0.0013512590985955129
-0.0009876461190001014
0.0006126403109808171
-0.00020957595651978955
0.00018899727276012822
-0.0005524839293640912
0.0008906671645109173
-0.0012185762559205884
0.0015391961957160441
-0.001834606787729595
0.002095326286276556
-0.0023234727372219975
0.002518127746534887
-0.002672797782309891
0.0027837058545774358
-0.002850916387557819
0.0028736667194560208
-0.002850916387557819
0.0027837058545774358
-0.002672797782309891
0.002518127746534887
-0.0023234727372219975
0.002095326286276556
-0.001834606787729595
0.0015391961957160441
-0.0012185762559205884
0.0008906671645109173
-0.0005524839293640912
0.00018899727276012822
-0.00016548051811265653
0.00048373886852918477
-0.0007798422786568959
0.001066949947184959
-0.0013476754464462042
0.0016063283735940606
-0.001834606787729595
0.0020343651882432988
-0.002204799456018175
0.0023402240432768245
-0.0024373319273942986
0.002496179516345159
-0.0025160990456313164
0.002496179516345159
-0.0024373319273942986
0.0023402240432768245
-0.002204799456018175
0.0020343651882432988
-0.001834606787729595
0.0016063283735940606
-0.0013476754464462042
0.001066949947184959
-0.0007798422786568959
0.00048373886852918477
-0.00016548051811265653
0.0001388346460111661
-0.00040584665397512293
0.0006542711367882192
-0.0008951483831360247
0.0011306711247901793
-0.0013476754464462042
0.0015391961957160441
-0.0017067892582673491
0.0018497799952107057
-0.001963398352511612
0.002044869808306575
-0.0020942416876902326
0.0021109537504073075
-0.0020942416876902326
0.002044869808306575
-0.001963398352511612
0.0018497799952107057
-0.0017067892582673491
0.0015391961957160441
-0.0013476754464462042
0.0011306711247901793
-0.0008951483831360247
0.0006542711367882192
-0.00040584665397512293
0.0001388346460111661
-0.00010991490467506197
0.00032130737943309015
-0.0005179841754048747
0.0007086858506090674
-0.0008951483831360247
0.001066949947184959
-0.0012185762559205884
0.0013512590985955129
-0.0014644643659556633
0.0015544156228707552
-0.001618916290065323
0.0016580038346516144
-0.0016712347163749214
0.0016580038346516144
-0.001618916290065323
0.0015544156228707552
-0.0014644643659556633
0.0013512590985955129
-0.0012185762559205884
0.001066949947184959
-0.0008951483831360247
0.0007086858506090674
-0.0005179841754048747
0.00032130737943309015
-0.00010991490467506197
0.00008033768589267913
-0.0002348461421151746
0.0003785987906196743
-0.0005179841754048747
0.0006542711367882192
-0.0007798422786568959
0.0008906671645109173
-0.0009876461190001014
0.0010703887573844295
-0.0011361348529213334
0.0011832789081908561
-0.0012118483082060119
0.0012215188658352303
-0.0012118483082060119
0.0011832789081908561
-0.0011361348529213334
0.0010703887573844295
-0.0009876461190001014
0.0008906671645109173
-0.0007798422786568959
0.0006542711367882192
-0.0005179841754048747
0.0003785987906196743
-0.0002348461421151746
0.00008033768589267913
-0.000049833745024583126
0.00014567587597442977
-0.0002348461421151746
0.00032130737943309015
-0.00040584665397512293
0.00048373886852918477
-0.0005524839293640912
0.0006126403109808171
-0.0006639658563719823
0.0007047483873217134
-0.000733992008215458
0.0007517137060717107
-0.0007577123864890654
0.0007517137060717107
-0.000733992008215458
0.0007047483873217134
-0.0006639658563719823
0.0006126403109808171
-0.0005524839293640912
0.00048373886852918477
-0.00040584665397512293
0.00032130737943309015
-0.0002348461421151746
0.00014567587597442977
-0.000049833745024583126
0.00001704744952836989
-0.000049833745024583126
0.00008033768589267913
-0.00010991490467506197
0.0001388346460111661
-0.00016548051811265653
0.00018899727276012822
-0.00020957595651978955
0.0002271337307577145
-0.00024108488248556
0.00025108872929592856
-0.00025715108221787845
0.0002592031495790858
-0.00025715108221787845
0.00025108872929592856
-0.00024108488248556
0.0002271337307577145
-0.00020957595651978955
0.00018899727276012822
-0.00016548051811265653
0.0001388346460111661
-0.00010991490467506197
0.00008033768589267913
-0.000049833745024583126
0.00001704744952836989