0.000023840959705533995
-0.00006960809413165173
0.00011188602363598131
-0.00015254337824694187
0.00019204855990247714
-0.00022786951696674362
0.0002584718754403948
-0.00028430680784764795
0.0003055577184993556
-0.0003210971259264579
0.00033005621624252027
-0.00033287286061364004
0.00033005621624252027
-0.0003210971259264579
0.0003055577184993556
-0.00028430680784764795
0.0002584718754403948
-0.00022786951696674362
0.00019204855990247714
-0.00015254337824694187
0.00011188602363598131
-0.00006960809413165173
0.000023840959705533995
-0.00006960809413165173
0.00020323371326013334
-0.0003266719528686505
0.00044537862415448663
-0.0005607213132631047
0.0006653072268342158
-0.0007546564760085266
0.0008300863424694604
-0.0008921323090453791
0.0009375024849231879
-0.000963660207169146
0.0009718839216899495
-0.000963660207169146
0.0009375024849231879
-0.0008921323090453791
0.0008300863424694604
-0.0007546564760085266
0.0006653072268342158
-0.0005607213132631047
0.00044537862415448663
-0.0003266719528686505
0.00020323371326013334
-0.00006960809413165173
0.00011188602363598131
-0.0003266719528686505
0.0005250829849003755
-0.0007158886317855758
0.0009012871116726484
-0.001069395463780038
0.0012130128452021846
-0.0013342566161599846
0.0014339874961593823
-0.001506914195761762
0.0015489593568308094
-0.0015621779160907418
0.0015489593568308094
-0.001506914195761762
0.0014339874961593823
-0.0013342566161599846
0.0012130128452021846
-0.001069395463780038
0.0009012871116726484
-0.0007158886317855758
0.0005250829849003755
-0.0003266719528686505
0.00011188602363598131
-0.00015254337824694187
0.00044537862415448663
-0.0007158886317855758
0.0009760295950497428
-0.0012287985247583753
0.0014579944073953273
-0.0016537997441583056
0.0018191013056247682
-0.001955072581180548
0.0020544995226360794
-0.00211182313375373
0.002129845078046145
-0.00211182313375373
0.0020544995226360794
-0.001955072581180548
0.0018191013056247682
-0.0016537997441583056
0.0014579944073953273
-0.0012287985247583753
0.0009760295950497428
-0.0007158886317855758
0.00044537862415448663
-0.00015254337824694187
0.00019204855990247714
-0.0005607213132631047
0.0009012871116726484
-0.0012287985247583753
0.0015470287193201412
-0.0018355809967238062
0.0020820953546638464
-0.00229020617005351
0.0024613908386945686
-0.002586567041958741
0.0026587361330728293
-0.002681425341137948
0.0026587361330728293
-0.002586567041958741
0.0024613908386945686
-0.00229020617005351
0.0020820953546638464
-0.0018355809967238062
0.0015470287193201412
-0.0012287985247583753
0.0009012871116726484
-0.0005607213132631047
0.00019204855990247714
-0.00022786951696674362
0.0006653072268342158
-0.001069395463780038
0.0014579944073953273
-0.0018355809967238062
0.002177954134564653
-0.002470448427141951
0.002717376136480042
-0.002920490222704684
0.003069014330295089
-0.003154644422707379
0.0031815656289105494
-0.003154644422707379
0.003069014330295089
-0.002920490222704684
0.002717376136480042
-0.002470448427141951
0.002177954134564653
-0.0018355809967238062
0.0014579944073953273
-0.001069395463780038
0.0006653072268342158
-0.00022786951696674362
0.0002584718754403948
-0.0007546564760085266
0.0012130128452021846
-0.0016537997441583056
0.0020820953546638464
-0.002470448427141951
0.0028022240387482167
-0.0030823135785006174
0.003312705425087571
-0.003481175982922675
0.003578306002218626
-0.0036088426652575293
0.003578306002218626
-0.003481175982922675
0.003312705425087571
-0.0030823135785006174
0.0028022240387482167
-0.002470448427141951
0.0020820953546638464
-0.0016537997441583056
0.0012130128452021846
-0.0007546564760085266
0.0002584718754403948
-0.00028430680784764795
0.0008300863424694604
-0.0013342566161599846
0.0018191013056247682
-0.00229020617005351
0.002717376136480042
-0.0030823135785006174
0.0033903987921156103
-0.003643818899605669
0.0038291285253930067
-0.003935966941314125
0.0039695558227973325
-0.003935966941314125
0.0038291285253930067
-0.003643818899605669
0.0033903987921156103
-0.0030823135785006174
0.002717376136480042
-0.00229020617005351
0.0018191013056247682
-0.0013342566161599846
0.0008300863424694604
-0.00028430680784764795
0.0003055577184993556
-0.0008921323090453791
0.0014339874961593823
-0.001955072581180548
0.0024613908386945686
-0.002920490222704684
0.003312705425087571
-0.003643818899605669
0.003916181248058537
-0.004115342101434552
0.00423016630442879
-0.004266265833914745
0.00423016630442879
-0.004115342101434552
0.003916181248058537
-0.003643818899605669
0.003312705425087571
-0.002920490222704684
0.0024613908386945686
-0.001955072581180548
0.0014339874961593823
-0.0008921323090453791
0.0003055577184993556
-0.0003210971259264579
0.0009375024849231879
-0.001506914195761762
0.0020544995226360794
-0.002586567041958741
0.003069014330295089
-0.003481175982922675
0.0038291285253930067
-0.004115342101434552
0.00432463145576724
-0.004445295144936406
0.004483230547851984
-0.004445295144936406
0.00432463145576724
-0.004115342101434552
0.0038291285253930067
-0.003481175982922675
0.003069014330295089
-0.002586567041958741
0.0020544995226360794
-0.001506914195761762
0.0009375024849231879
-0.0003210971259264579
0.00033005621624252027
-0.000963660207169146
0.0015489593568308094
-0.00211182313375373
0.0026587361330728293
-0.003154644422707379
0.003578306002218626
-0.003935966941314125
0.00423016630442879
-0.004445295144936406
0.004569325531599412
-0.004608319389024405
0.004569325531599412
-0.004445295144936406
0.00423016630442879
-0.003935966941314125
0.003578306002218626
-0.003154644422707379
0.0026587361330728293
-0.00211182313375373
0.0015489593568308094
-0.000963660207169146
0.00033005621624252027
-0.00033287286061364004
0.0009718839216899495
-0.0015621779160907418
0.002129845078046145
-0.002681425341137948
0.0031815656289105494
-0.0036088426652575293
0.0039695558227973325
-0.004266265833914745
0.004483230547851984
-0.004608319389024405
0.0046476460134861
-0.004608319389024405
0.004483230547851984
-0.004266265833914745
0.0039695558227973325
-0.0036088426652575293
0.0031815656289105494
-0.002681425341137948
0.002129845078046145
-0.0015621779160907418
0.0009718839216899495
-0.00033287286061364004
0.00033005621624252027
-0.000963660207169146
0.0015489593568308094
-0.00211182313375373
0.0026587361330728293
-0.003154644422707379
0.003578306002218626
-0.003935966941314125
0.00423016630442879
-0.004445295144936406
0.004569325531599412
-0.004608319389024405
0.004569325531599412
-0.004445295144936406
0.00423016630442879
-0.003935966941314125
0.003578306002218626
-0.003154644422707379
0.0026587361330728293
-0.00211182313375373
0.0015489593568308094
-0.000963660207169146
0.00033005621624252027
-0.0003210971259264579
0.0009375024849231879
-0.001506914195761762
0.0020544995226360794
-0.002586567041958741
0.003069014330295089
-0.003481175982922675
0.0038291285253930067
-0.004115342101434552
0.00432463145576724
-0.004445295144936406
0.004483230547851984
-0.004445295144936406
0.00432463145576724
-0.004115342101434552
0.0038291285253930067
-0.003481175982922675
0.003069014330295089
-0.002586567041958741
0.0020544995226360794
-0.001506914195761762
0.0009375024849231879
-0.0003210971259264579
0.0003055577184993556
-0.0008921323090453791
0.0014339874961593823
-0.001955072581180548
0.0024613908386945686
-0.002920490222704684
0.003312705425087571
-0.003643818899605669
0.003916181248058537
-0.004115342101434552
0.00423016630442879
-0.004266265833914745
0.00423016630442879
-0.004115342101434552
0.003916181248058537
-0.003643818899605669
0.003312705425087571
-0.002920490222704684
0.0024613908386945686
-0.001955072581180548
0.0014339874961593823
-0.0008921323090453791
0.0003055577184993556
-0.00028430680784764795
0.0008300863424694604
-0.0013342566161599846
0.0018191013056247682
-0.00229020617005351
0.002717376136480042
-0.0030823135785006174
0.0033903987921156103
-0.003643818899605669
0.0038291285253930067
-0.003935966941314125
0.0039695558227973325
-0.003935966941314125
0.0038291285253930067
-0.003643818899605669
0.0033903987921156103
-0.0030823135785006174
0.002717376136480042
-0.00229020617005351
0.0018191013056247682
-0.0013342566161599846
0.0008300863424694604
-0.00028430680784764795
0.0002584718754403948
-0.0007546564760085266
0.0012130128452021846
-0.0016537997441583056
0.0020820953546638464
-0.002470448427141951
0.0028022240387482167
-0.0030823135785006174
0.003312705425087571
-0.003481175982922675
0.003578306002218626
-0.0036088426652575293
0.003578306002218626
-0.003481175982922675
0.003312705425087571
-0.0030823135785006174
0.0028022240387482167
-0.002470448427141951
0.0020820953546638464
-0.0016537997441583056
0.0012130128452021846
-0.0007546564760085266
0.0002584718754403948
-0.00022786951696674362
0.0006653072268342158
-0.001069395463780038
0.0014579944073953273
-0.0018355809967238062
0.002177954134564653
-0.002470448427141951
0.002717376136480042
-0.002920490222704684
0.003069014330295089
-0.003154644422707379
0.0031815656289105494
-0.003154644422707379
0.003069014330295089
-0.002920490222704684
0.002717376136480042
-0.002470448427141951
0.002177954134564653
-0.0018355809967238062
0.0014579944073953273
-0.001069395463780038
0.0006653072268342158
-0.00022786951696674362
0.00019204855990247714
-0.0005607213132631047
0.0009012871116726484
-0.0012287985247583753
0.0015470287193201412
-0.0018355809967238062
0.0020820953546638464
-0.00229020617005351
0.0024613908386945686
-0.002586567041958741
0.0026587361330728293
-0.002681425341137948
0.0026587361330728293
-0.002586567041958741
0.0024613908386945686
-0.00229020617005351
0.0020820953546638464
-0.0018355809967238062
0.0015470287193201412
-0.0012287985247583753
0.0009012871116726484
-0.0005607213132631047
0.00019204855990247714
-0.00015254337824694187
0.00044537862415448663
-0.0007158886317855758
0.0009760295950497428
-0.0012287985247583753
0.0014579944073953273
-0.0016537997441583056
0.0018191013056247682
-0.001955072581180548
0.0020544995226360794
-0.00211182313375373
0.002129845078046145
-0.00211182313375373
0.0020544995226360794
-0.001955072581180548
0.0018191013056247682
-0.0016537997441583056
0.0014579944073953273
-0.0012287985247583753
0.0009760295950497428
-0.0007158886317855758
0.00044537862415448663
-0.00015254337824694187
0.00011188602363598131
-0.0003266719528686505
0.0005250829849003755
-0.0007158886317855758
0.0009012871116726484
-0.001069395463780038
0.0012130128452021846
-0.0013342566161599846
0.0014339874961593823
-0.001506914195761762
0.0015489593568308094
-0.0015621779160907418
0.0015489593568308094
-0.001506914195761762
0.0014339874961593823
-0.0013342566161599846
0.0012130128452021846
-0.001069395463780038
0.0009012871116726484
-0.0007158886317855758
0.0005250829849003755
-0.0003266719528686505
0.00011188602363598131
-0.00006960809413165173
0.00020323371326013334
-0.0003266719528686505
0.00044537862415448663
-0.0005607213132631047
0.0006653072268342158
-0.0007546564760085266
0.0008300863424694604
-0.0008921323090453791
0.0009375024849231879
-0.000963660207169146
0.0009718839216899495
-0.000963660207169146
0.0009375024849231879
-0.0008921323090453791
0.0008300863424694604
-0.0007546564760085266
0.0006653072268342158
-0.0005607213132631047
0.00044537862415448663
-0.0003266719528686505
0.00020323371326013334
-0.00006960809413165173
0.000023840959705533995
-0.00006960809413165173
0.00011188602363598131
-0.00015254337824694187
0.00019204855990247714
-0.00022786951696674362
0.0002584718754403948
-0.00028430680784764795
0.0003055577184993556
-0.0003210971259264579
0.00033005621624252027
-0.00033287286061364004
0.00033005621624252027
-0.0003210971259264579
0.0003055577184993556
-0.00028430680784764795
0.0002584718754403948
-0.00022786951696674362
0.00019204855990247714
-0.00015254337824694187
0.00011188602363598131
-0.00006960809413165173
0.000023840959705533995