5.623483534716968e-6
-0.000016474662985174303
0.000026676768546627414
-0.00003674819890329991
0.000046850279527719826
-0.000056501053604693445
0.00006545700240853524
-0.0000738333776426647
0.00008165045828420713
-0.00008872095442945981
0.00009491949883184179
-0.00010026315530676392
0.00010474126995501221
-0.00010826738197814333
0.00011078969971206142
-0.00011231157997123662
0.0001128238080414288
-0.00011231157997123662
0.00011078969971206142
-0.00010826738197814333
0.00010474126995501221
-0.00010026315530676392
0.00009491949883184179
-0.00008872095442945981
0.00008165045828420713
-0.0000738333776426647
0.00006545700240853524
-0.000056501053604693445
0.000046850279527719826
-0.00003674819890329991
0.000026676768546627414
-0.000016474662985174303
5.623483534716968e-6
-0.000016474662985174303
0.0000482644821131734
-0.00007815276218485532
0.00010765821372223307
-0.0001372534588596857
0.0001655265478591717
-0.00019176406368808476
0.00021630364990145293
-0.00023920471617154798
0.0002599185744787502
-0.00027807794658279273
0.00029373282295780065
-0.000306851991740532
0.00031718215575193603
-0.00032457158516011167
0.00032903011415177935
-0.00033053074712702767
0.00032903011415177935
-0.00032457158516011167
0.00031718215575193603
-0.000306851991740532
0.00029373282295780065
-0.00027807794658279273
0.0002599185744787502
-0.00023920471617154798
0.00021630364990145293
-0.00019176406368808476
0.0001655265478591717
-0.0001372534588596857
0.00010765821372223307
-0.00007815276218485532
0.0000482644821131734
-0.000016474662985174303
0.000026676768546627414
-0.00007815276218485532
0.00012654966902577537
-0.00017432667680036148
0.00022224908379120598
-0.0002680305757717235
0.00031051594482821114
-0.00035025192378165896
0.0003873347123587655
-0.000420875841805003
0.0004502805930285983
-0.00047562991362216515
0.0004968732634531154
-0.0005136004884427202
0.0005255658984903151
-0.0005327854177045279
0.0005352153331808058
-0.0005327854177045279
0.0005255658984903151
-0.0005136004884427202
0.0004968732634531154
-0.00047562991362216515
0.0004502805930285983
-0.000420875841805003
0.0003873347123587655
-0.00035025192378165896
0.00031051594482821114
-0.0002680305757717235
0.00022224908379120598
-0.00017432667680036148
0.00012654966902577537
-0.00007815276218485532
0.000026676768546627414
-0.00003674819890329991
0.00010765821372223307
-0.00017432667680036148
0.00024014120683372121
-0.0003061560294666178
0.00036922166541308936
-0.0004277467746233386
0.0004824845010329808
-0.0005335673631921913
0.0005797714637442236
-0.0006202775559561809
0.0006551971480202534
-0.0006844606191035544
0.0007075029673528875
-0.000723985745903071
0.0007339308907809587
-0.0007372781859034691
0.0007339308907809587
-0.000723985745903071
0.0007075029673528875
-0.0006844606191035544
0.0006551971480202534
-0.0006202775559561809
0.0005797714637442236
-0.0005335673631921913
0.0004824845010329808
-0.0004277467746233386
0.00036922166541308936
-0.0003061560294666178
0.00024014120683372121
-0.00017432667680036148
0.00010765821372223307
-0.00003674819890329991
0.000046850279527719826
-0.0001372534588596857
0.00022224908379120598
-0.0003061560294666178
0.0003903183281812447
-0.00047072070872948666
0.0005453343716495567
-0.0006151195001602577
0.0006802450421638981
-0.0007391506508955197
0.0007907918686787234
-0.0008353108573099957
0.0008726188571880763
-0.0009019955474388571
0.000923009442147048
-0.0009356885075537302
0.000939955974173361
-0.0009356885075537302
0.000923009442147048
-0.0009019955474388571
0.0008726188571880763
-0.0008353108573099957
0.0007907918686787234
-0.0007391506508955197
0.0006802450421638981
-0.0006151195001602577
0.0005453343716495567
-0.00047072070872948666
0.0003903183281812447
-0.0003061560294666178
0.00022224908379120598
-0.0001372534588596857
0.000046850279527719826
-0.000056501053604693445
0.0001655265478591717
-0.0002680305757717235
0.00036922166541308936
-0.00047072070872948666
0.0005676853215150589
-0.0006576687882261824
0.0007418290819648917
-0.0008203699525184017
0.0008914096344608166
-0.0009536885203840921
0.0010073780562510873
-0.0010523711987092475
0.0010877992466807817
-0.0011131418316838954
0.0011284326807764072
-0.0011335792105871705
0.0011284326807764072
-0.0011131418316838954
0.0010877992466807817
-0.0010523711987092475
0.0010073780562510873
-0.0009536885203840921
0.0008914096344608166
-0.0008203699525184017
0.0007418290819648917
-0.0006576687882261824
0.0005676853215150589
-0.00047072070872948666
0.00036922166541308936
-0.0002680305757717235
0.0001655265478591717
-0.000056501053604693445
0.00006545700240853524
-0.00019176406368808476
0.00031051594482821114
-0.0004277467746233386
0.0005453343716495567
-0.0006576687882261824
0.0007619154813665928
-0.0008594159738087394
0.0009504063115988739
-0.0010327064517792678
0.0011048571273118406
-0.0011670569599582731
0.0012191819389871016
-0.0012602256660231897
0.0012895852892824899
-0.0013072998818789358
0.0013132621851056274
-0.0013072998818789358
0.0012895852892824899
-0.0012602256660231897
0.0012191819389871016
-0.0011670569599582731
0.0011048571273118406
-0.0010327064517792678
0.0009504063115988739
-0.0008594159738087394
0.0007619154813665928
-0.0006576687882261824
0.0005453343716495567
-0.0004277467746233386
0.00031051594482821114
-0.00019176406368808476
0.00006545700240853524
-0.0000738333776426647
0.00021630364990145293
-0.00035025192378165896
0.0004824845010329808
-0.0006151195001602577
0.0007418290819648917
-0.0008594159738087394
0.0009693933698693952
-0.0010720275224381755
0.0011648594137010563
-0.0012462430377252936
0.0013164024334219068
-0.0013751977207042594
0.0014214937148166141
-0.001454610418481425
0.0014745919049050807
-0.0014813171897418178
0.0014745919049050807
-0.001454610418481425
0.0014214937148166141
-0.0013751977207042594
0.0013164024334219068
-0.0012462430377252936
0.0011648594137010563
-0.0010720275224381755
0.0009693933698693952
-0.0008594159738087394
0.0007418290819648917
-0.0006151195001602577
0.0004824845010329808
-0.00035025192378165896
0.00021630364990145293
-0.0000738333776426647
0.00008165045828420713
-0.00023920471617154798
0.0003873347123587655
-0.0005335673631921913
0.0006802450421638981
-0.0008203699525184017
0.0009504063115988739
-0.0010720275224381755
0.0011855280266872144
-0.0012881884589606516
0.0013781885430766566
-0.0014557760379803333
0.0015207962538343301
-0.0015719938186307208
0.0016086167406400692
-0.0016307137593026477
0.0016381510811013203
-0.0016307137593026477
0.0016086167406400692
-0.0015719938186307208
0.0015207962538343301
-0.0014557760379803333
0.0013781885430766566
-0.0012881884589606516
0.0011855280266872144
-0.0010720275224381755
0.0009504063115988739
-0.0008203699525184017
0.0006802450421638981
-0.0005335673631921913
0.0003873347123587655
-0.00023920471617154798
0.00008165045828420713
-0.00008872095442945981
0.0002599185744787502
-0.000420875841805003
0.0005797714637442236
-0.0007391506508955197
0.0008914096344608166
-0.0010327064517792678
0.0011648594137010563
-0.0012881884589606516
0.00139973873956945
-0.0014975323530934546
0.0015818385130868824
-0.001652489134393828
0.00170812013645617
-0.0017479144090535783
0.0017719249122030596
-0.0017800062665793018
0.0017719249122030596
-0.0017479144090535783
0.00170812013645617
-0.001652489134393828
0.0015818385130868824
-0.0014975323530934546
0.00139973873956945
-0.0012881884589606516
0.0011648594137010563
-0.0010327064517792678
0.0008914096344608166
-0.0007391506508955197
0.0005797714637442236
-0.000420875841805003
0.0002599185744787502
-0.00008872095442945981
0.00009491949883184179
-0.00027807794658279273
0.0004502805930285983
-0.0006202775559561809
0.0007907918686787234
-0.0009536885203840921
0.0011048571273118406
-0.0012462430377252936
0.0013781885430766566
-0.0014975323530934546
0.0016021583779637538
-0.001692354640013388
0.001767941310712985
-0.0018274590071718194
0.0018700335312581999
-0.0018957215430735052
0.0019043675062758658
-0.0018957215430735052
0.0018700335312581999
-0.0018274590071718194
0.001767941310712985
-0.001692354640013388
0.0016021583779637538
-0.0014975323530934546
0.0013781885430766566
-0.0012462430377252936
0.0011048571273118406
-0.0009536885203840921
0.0007907918686787234
-0.0006202775559561809
0.0004502805930285983
-0.00027807794658279273
0.00009491949883184179
-0.00010026315530676392
0.00029373282295780065
-0.00047562991362216515
0.0006551971480202534
-0.0008353108573099957
0.0010073780562510873
-0.0011670569599582731
0.0013164024334219068
-0.0014557760379803333
0.0015818385130868824
-0.001692354640013388
0.0017876286557979972
-0.0018674706081549199
0.00193033895572305
-0.001975310285883006
0.0020024444485140453
-0.0020115771510883667
0.0020024444485140453
-0.001975310285883006
0.00193033895572305
-0.0018674706081549199
0.0017876286557979972
-0.001692354640013388
0.0015818385130868824
-0.0014557760379803333
0.0013164024334219068
-0.0011670569599582731
0.0010073780562510873
-0.0008353108573099957
0.0006551971480202534
-0.00047562991362216515
0.00029373282295780065
-0.00010026315530676392
0.00010474126995501221
-0.000306851991740532
0.0004968732634531154
-0.0006844606191035544
0.0008726188571880763
-0.0010523711987092475
0.0012191819389871016
-0.0013751977207042594
0.0015207962538343301
-0.001652489134393828
0.001767941310712985
-0.0018674706081549199
0.001950878590478687
-0.002016554865518226
0.0020635347777113763
-0.002091880850049169
0.0021014214521061173
-0.002091880850049169
0.0020635347777113763
-0.002016554865518226
0.001950878590478687
-0.0018674706081549199
0.001767941310712985
-0.001652489134393828
0.0015207962538343301
-0.0013751977207042594
0.0012191819389871016
-0.0010523711987092475
0.0008726188571880763
-0.0006844606191035544
0.0004968732634531154
-0.000306851991740532
0.00010474126995501221
-0.00010826738197814333
0.00031718215575193603
-0.0005136004884427202
0.0007075029673528875
-0.0009019955474388571
0.0010877992466807817
-0.0012602256660231897
0.0014214937148166141
-0.0015719938186307208
0.00170812013645617
-0.0018274590071718194
0.00193033895572305
-0.002016554865518226
0.0020844421305825267
-0.0021330036202503538
0.002162303962347543
-0.00217216574851497
0.002162303962347543
-0.0021330036202503538
0.0020844421305825267
-0.002016554865518226
0.00193033895572305
-0.0018274590071718194
0.00170812013645617
-0.0015719938186307208
0.0014214937148166141
-0.0012602256660231897
0.0010877992466807817
-0.0009019955474388571
0.0007075029673528875
-0.0005136004884427202
0.00031718215575193603
-0.00010826738197814333
0.00011078969971206142
-0.00032457158516011167
0.0005255658984903151
-0.000723985745903071
0.000923009442147048
-0.0011131418316838954
0.0012895852892824899
-0.001454610418481425
0.0016086167406400692
-0.0017479144090535783
0.0018700335312581999
-0.001975310285883006
0.0020635347777113763
-0.0021330036202503538
0.0021826964525657696
-0.0022126794081254006
0.002222770945467038
-0.0022126794081254006
0.0021826964525657696
-0.0021330036202503538
0.0020635347777113763
-0.001975310285883006
0.0018700335312581999
-0.0017479144090535783
0.0016086167406400692
-0.001454610418481425
0.0012895852892824899
-0.0011131418316838954
0.000923009442147048
-0.000723985745903071
0.0005255658984903151
-0.00032457158516011167
0.00011078969971206142
-0.00011231157997123662
0.00032903011415177935
-0.0005327854177045279
0.0007339308907809587
-0.0009356885075537302
0.0011284326807764072
-0.0013072998818789358
0.0014745919049050807
-0.0016307137593026477
0.0017719249122030596
-0.0018957215430735052
0.0020024444485140453
-0.002091880850049169
0.002162303962347543
-0.0022126794081254006
0.0022430742293033743
-0.0022533043906462044
0.0022430742293033743
-0.0022126794081254006
0.002162303962347543
-0.002091880850049169
0.0020024444485140453
-0.0018957215430735052
0.0017719249122030596
-0.0016307137593026477
0.0014745919049050807
-0.0013072998818789358
0.0011284326807764072
-0.0009356885075537302
0.0007339308907809587
-0.0005327854177045279
0.00032903011415177935
-0.00011231157997123662
0.0001128238080414288
-0.00033053074712702767
0.0005352153331808058
-0.0007372781859034691
0.000939955974173361
-0.0011335792105871705
0.0013132621851056274
-0.0014813171897418178
0.0016381510811013203
-0.0017800062665793018
0.0019043675062758658
-0.0020115771510883667
0.0021014214521061173
-0.00217216574851497
0.002222770945467038
-0.0022533043906462044
0.0022635812094735403
-0.0022533043906462044
0.002222770945467038
-0.00217216574851497
0.0021014214521061173
-0.0020115771510883667
0.0019043675062758658
-0.0017800062665793018
0.0016381510811013203
-0.0014813171897418178
0.0013132621851056274
-0.0011335792105871705
0.000939955974173361
-0.0007372781859034691
0.0005352153331808058
-0.00033053074712702767
0.0001128238080414288
-0.00011231157997123662
0.00032903011415177935
-0.0005327854177045279
0.0007339308907809587
-0.0009356885075537302
0.0011284326807764072
-0.0013072998818789358
0.0014745919049050807
-0.0016307137593026477
0.0017719249122030596
-0.0018957215430735052
0.0020024444485140453
-0.002091880850049169
0.002162303962347543
-0.0022126794081254006
0.0022430742293033743
-0.0022533043906462044
0.0022430742293033743
-0.0022126794081254006
0.002162303962347543
-0.002091880850049169
0.0020024444485140453
-0.0018957215430735052
0.0017719249122030596
-0.0016307137593026477
0.0014745919049050807
-0.0013072998818789358
0.0011284326807764072
-0.0009356885075537302
0.0007339308907809587
-0.0005327854177045279
0.00032903011415177935
-0.00011231157997123662
0.00011078969971206142
-0.00032457158516011167
0.0005255658984903151
-0.000723985745903071
0.000923009442147048
-0.0011131418316838954
0.0012895852892824899
-0.001454610418481425
0.0016086167406400692
-0.0017479144090535783
0.0018700335312581999
-0.001975310285883006
0.0020635347777113763
-0.0021330036202503538
0.0021826964525657696
-0.0022126794081254006
0.002222770945467038
-0.0022126794081254006
0.0021826964525657696
-0.0021330036202503538
0.0020635347777113763
-0.001975310285883006
0.0018700335312581999
-0.0017479144090535783
0.0016086167406400692
-0.001454610418481425
0.0012895852892824899
-0.0011131418316838954
0.000923009442147048
-0.000723985745903071
0.0005255658984903151
-0.00032457158516011167
0.00011078969971206142
-0.00010826738197814333
0.00031718215575193603
-0.0005136004884427202
0.0007075029673528875
-0.0009019955474388571
0.0010877992466807817
-0.0012602256660231897
0.0014214937148166141
-0.0015719938186307208
0.00170812013645617
-0.0018274590071718194
0.00193033895572305
-0.002016554865518226
0.0020844421305825267
-0.0021330036202503538
0.002162303962347543
-0.00217216574851497
0.002162303962347543
-0.0021330036202503538
0.0020844421305825267
-0.002016554865518226
0.00193033895572305
-0.0018274590071718194
0.00170812013645617
-0.0015719938186307208
0.0014214937148166141
-0.0012602256660231897
0.0010877992466807817
-0.0009019955474388571
0.0007075029673528875
-0.0005136004884427202
0.00031718215575193603
-0.00010826738197814333
0.00010474126995501221
-0.000306851991740532
0.0004968732634531154
-0.0006844606191035544
0.0008726188571880763
-0.0010523711987092475
0.0012191819389871016
-0.0013751977207042594
0.0015207962538343301
-0.001652489134393828
0.001767941310712985
-0.0018674706081549199
0.001950878590478687
-0.002016554865518226
0.0020635347777113763
-0.002091880850049169
0.0021014214521061173
-0.002091880850049169
0.0020635347777113763
-0.002016554865518226
0.001950878590478687
-0.0018674706081549199
0.001767941310712985
-0.001652489134393828
0.0015207962538343301
-0.0013751977207042594
0.0012191819389871016
-0.0010523711987092475
0.0008726188571880763
-0.0006844606191035544
0.0004968732634531154
-0.000306851991740532
0.00010474126995501221
-0.00010026315530676392
0.00029373282295780065
-0.00047562991362216515
0.0006551971480202534
-0.0008353108573099957
0.0010073780562510873
-0.0011670569599582731
0.0013164024334219068
-0.0014557760379803333
0.0015818385130868824
-0.001692354640013388
0.0017876286557979972
-0.0018674706081549199
0.00193033895572305
-0.001975310285883006
0.0020024444485140453
-0.0020115771510883667
0.0020024444485140453
-0.001975310285883006
0.00193033895572305
-0.0018674706081549199
0.0017876286557979972
-0.001692354640013388
0.0015818385130868824
-0.0014557760379803333
0.0013164024334219068
-0.0011670569599582731
0.0010073780562510873
-0.0008353108573099957
0.0006551971480202534
-0.00047562991362216515
0.00029373282295780065
-0.00010026315530676392
0.00009491949883184179
-0.00027807794658279273
0.0004502805930285983
-0.0006202775559561809
0.0007907918686787234
-0.0009536885203840921
0.0011048571273118406
-0.0012462430377252936
0.0013781885430766566
-0.0014975323530934546
0.0016021583779637538
-0.001692354640013388
0.001767941310712985
-0.0018274590071718194
0.0018700335312581999
-0.0018957215430735052
0.0019043675062758658
-0.0018957215430735052
0.0018700335312581999
-0.0018274590071718194
0.001767941310712985
-0.001692354640013388
0.0016021583779637538
-0.0014975323530934546
0.0013781885430766566
-0.0012462430377252936
0.0011048571273118406
-0.0009536885203840921
0.0007907918686787234
-0.0006202775559561809
0.0004502805930285983
-0.00027807794658279273
0.00009491949883184179
-0.00008872095442945981
0.0002599185744787502
-0.000420875841805003
0.0005797714637442236
-0.0007391506508955197
0.0008914096344608166
-0.0010327064517792678
0.0011648594137010563
-0.0012881884589606516
0.00139973873956945
-0.0014975323530934546
0.0015818385130868824
-0.001652489134393828
0.00170812013645617
-0.0017479144090535783
0.0017719249122030596
-0.0017800062665793018
0.0017719249122030596
-0.0017479144090535783
0.00170812013645617
-0.001652489134393828
0.0015818385130868824
-0.0014975323530934546
0.00139973873956945
-0.0012881884589606516
0.0011648594137010563
-0.0010327064517792678
0.0008914096344608166
-0.0007391506508955197
0.0005797714637442236
-0.000420875841805003
0.0002599185744787502
-0.00008872095442945981
0.00008165045828420713
-0.00023920471617154798
0.0003873347123587655
-0.0005335673631921913
0.0006802450421638981
-0.0008203699525184017
0.0009504063115988739
-0.0010720275224381755
0.0011855280266872144
-0.0012881884589606516
0.0013781885430766566
-0.0014557760379803333
0.0015207962538343301
-0.0015719938186307208
0.0016086167406400692
-0.0016307137593026477
0.0016381510811013203
-0.0016307137593026477
0.0016086167406400692
-0.0015719938186307208
0.0015207962538343301
-0.0014557760379803333
0.0013781885430766566
-0.0012881884589606516
0.0011855280266872144
-0.0010720275224381755
0.0009504063115988739
-0.0008203699525184017
0.0006802450421638981
-0.0005335673631921913
0.0003873347123587655
-0.00023920471617154798
0.00008165045828420713
-0.0000738333776426647
0.00021630364990145293
-0.00035025192378165896
0.0004824845010329808
-0.0006151195001602577
0.0007418290819648917
-0.0008594159738087394
0.0009693933698693952
-0.0010720275224381755
0.0011648594137010563
-0.0012462430377252936
0.0013164024334219068
-0.0013751977207042594
0.0014214937148166141
-0.001454610418481425
0.0014745919049050807
-0.0014813171897418178
0.0014745919049050807
-0.001454610418481425
0.0014214937148166141
-0.0013751977207042594
0.0013164024334219068
-0.0012462430377252936
0.0011648594137010563
-0.0010720275224381755
0.0009693933698693952
-0.0008594159738087394
0.0007418290819648917
-0.0006151195001602577
0.0004824845010329808
-0.00035025192378165896
0.00021630364990145293
-0.0000738333776426647
0.00006545700240853524
-0.00019176406368808476
0.00031051594482821114
-0.0004277467746233386
0.0005453343716495567
-0.0006576687882261824
0.0007619154813665928
-0.0008594159738087394
0.0009504063115988739
-0.0010327064517792678
0.0011048571273118406
-0.0011670569599582731
0.0012191819389871016
-0.0012602256660231897
0.0012895852892824899
-0.0013072998818789358
0.0013132621851056274
-0.0013072998818789358
0.0012895852892824899
-0.0012602256660231897
0.0012191819389871016
-0.0011670569599582731
0.0011048571273118406
-0.0010327064517792678
0.0009504063115988739
-0.0008594159738087394
0.0007619154813665928
-0.0006576687882261824
0.0005453343716495567
-0.0004277467746233386
0.00031051594482821114
-0.00019176406368808476
0.00006545700240853524
-0.000056501053604693445
0.0001655265478591717
-0.0002680305757717235
0.00036922166541308936
-0.00047072070872948666
0.0005676853215150589
-0.0006576687882261824
0.0007418290819648917
-0.0008203699525184017
0.0008914096344608166
-0.0009536885203840921
0.0010073780562510873
-0.0010523711987092475
0.0010877992466807817
-0.0011131418316838954
0.0011284326807764072
-0.0011335792105871705
0.0011284326807764072
-0.0011131418316838954
0.0010877992466807817
-0.0010523711987092475
0.0010073780562510873
-0.0009536885203840921
0.0008914096344608166
-0.0008203699525184017
0.0007418290819648917
-0.0006576687882261824
0.0005676853215150589
-0.00047072070872948666
0.00036922166541308936
-0.0002680305757717235
0.0001655265478591717
-0.000056501053604693445
0.000046850279527719826
-0.0001372534588596857
0.00022224908379120598
-0.0003061560294666178
0.0003903183281812447
-0.00047072070872948666
0.0005453343716495567
-0.0006151195001602577
0.0006802450421638981
-0.0007391506508955197
0.0007907918686787234
-0.0008353108573099957
0.0008726188571880763
-0.0009019955474388571
0.000923009442147048
-0.0009356885075537302
0.000939955974173361
-0.0009356885075537302
0.000923009442147048
-0.0009019955474388571
0.0008726188571880763
-0.0008353108573099957
0.0007907918686787234
-0.0007391506508955197
0.0006802450421638981
-0.0006151195001602577
0.0005453343716495567
-0.00047072070872948666
0.0003903183281812447
-0.0003061560294666178
0.00022224908379120598
-0.0001372534588596857
0.000046850279527719826
-0.00003674819890329991
0.00010765821372223307
-0.00017432667680036148
0.00024014120683372121
-0.0003061560294666178
0.00036922166541308936
-0.0004277467746233386
0.0004824845010329808
-0.0005335673631921913
0.0005797714637442236
-0.0006202775559561809
0.0006551971480202534
-0.0006844606191035544
0.0007075029673528875
-0.000723985745903071
0.0007339308907809587
-0.0007372781859034691
0.0007339308907809587
-0.000723985745903071
0.0007075029673528875
-0.0006844606191035544
0.0006551971480202534
-0.0006202775559561809
0.0005797714637442236
-0.0005335673631921913
0.0004824845010329808
-0.0004277467746233386
0.00036922166541308936
-0.0003061560294666178
0.00024014120683372121
-0.00017432667680036148
0.00010765821372223307
-0.00003674819890329991
0.000026676768546627414
-0.00007815276218485532
0.00012654966902577537
-0.00017432667680036148
0.00022224908379120598
-0.0002680305757717235
0.00031051594482821114
-0.00035025192378165896
0.0003873347123587655
-0.000420875841805003
0.0004502805930285983
-0.00047562991362216515
0.0004968732634531154
-0.0005136004884427202
0.0005255658984903151
-0.0005327854177045279
0.0005352153331808058
-0.0005327854177045279
0.0005255658984903151
-0.0005136004884427202
0.0004968732634531154
-0.00047562991362216515
0.0004502805930285983
-0.000420875841805003
0.0003873347123587655
-0.00035025192378165896
0.00031051594482821114
-0.0002680305757717235
0.00022224908379120598
-0.00017432667680036148
0.00012654966902577537
-0.00007815276218485532
0.000026676768546627414
-0.000016474662985174303
0.0000482644821131734
-0.00007815276218485532
0.00010765821372223307
-0.0001372534588596857
0.0001655265478591717
-0.00019176406368808476
0.00021630364990145293
-0.00023920471617154798
0.0002599185744787502
-0.00027807794658279273
0.00029373282295780065
-0.000306851991740532
0.00031718215575193603
-0.00032457158516011167
0.00032903011415177935
-0.00033053074712702767
0.00032903011415177935
-0.00032457158516011167
0.00031718215575193603
-0.000306851991740532
0.00029373282295780065
-0.00027807794658279273
0.0002599185744787502
-0.00023920471617154798
0.00021630364990145293
-0.00019176406368808476
0.0001655265478591717
-0.0001372534588596857
0.00010765821372223307
-0.00007815276218485532
0.0000482644821131734
-0.000016474662985174303
5.623483534716968e-6
-0.000016474662985174303
0.000026676768546627414
-0.00003674819890329991
0.000046850279527719826
-0.000056501053604693445
0.00006545700240853524
-0.0000738333776426647
0.00008165045828420713
-0.00008872095442945981
0.00009491949883184179
-0.00010026315530676392
0.00010474126995501221
-0.00010826738197814333
0.00011078969971206142
-0.00011231157997123662
0.0001128238080414288
-0.00011231157997123662
0.00011078969971206142
-0.00010826738197814333
0.00010474126995501221
-0.00010026315530676392
0.00009491949883184179
-0.00008872095442945981
0.00008165045828420713
-0.0000738333776426647
0.00006545700240853524
-0.000056501053604693445
0.000046850279527719826
-0.00003674819890329991
0.000026676768546627414
-0.000016474662985174303
5.623483534716968e-6