2.8868611561207496e-6
-8.463595428188407e-6
0.000013722943857769942
-0.00001894940244965439
0.000024249422951317474
-0.000029378894101678927
0.00003421092628327508
-0.00003882733877688518
0.00004326377801881601
-0.00004741650718635641
0.00005120796848578275
-0.000054669156304422
0.00005781938885534602
-0.00006059355348377661
0.00006293725724801827
-0.00006487344469263509
0.00006642277361533809
-0.00006754097763110184
0.00006818922309313136
-0.00006839534702043322
0.00006818922309313136
-0.00006754097763110184
0.00006642277361533809
-0.00006487344469263509
0.00006293725724801827
-0.00006059355348377661
0.00005781938885534602
-0.000054669156304422
0.00005120796848578275
-0.00004741650718635641
0.00004326377801881601
-0.00003882733877688518
0.00003421092628327508
-0.000029378894101678927
0.000024249422951317474
-0.00001894940244965439
0.000013722943857769942
-8.463595428188407e-6
2.8868611561207496e-6
-8.463595428188407e-6
0.00002481326385239412
-0.000040232431909534413
0.00005555517472662576
-0.00007109358369793142
0.00008613198223163895
-0.00010029835992330853
0.00011383259158966722
-0.0001268391841671562
0.00013901400578002822
-0.0001501296752856232
0.00016027706091095088
-0.00016951279909641962
0.00017764599490891853
-0.000184517181083566
0.0001901936256086623
-0.00019473589227055112
0.00019801420247800056
-0.000199914705145801
0.00020051901184238511
-0.000199914705145801
0.00019801420247800056
-0.00019473589227055112
0.0001901936256086623
-0.000184517181083566
0.00017764599490891853
-0.00016951279909641962
0.00016027706091095088
-0.0001501296752856232
0.00013901400578002822
-0.0001268391841671562
0.00011383259158966722
-0.00010029835992330853
0.00008613198223163895
-0.00007109358369793142
0.00005555517472662576
-0.000040232431909534413
0.00002481326385239412
-8.463595428188407e-6
0.000013722943857769942
-0.000040232431909534413
0.000065233198944892
-0.00009007762129590224
0.0001152717265389429
-0.00013965511070939952
0.00016262459305058907
-0.0001845691085808224
0.0002056581057140388
-0.00022539846250323002
0.0002434215012768893
-0.00025987455653231047
0.00027484945906393793
-0.0002880366902431889
0.0002991776885235327
-0.00030838152277938574
0.0003157463916364812
-0.0003210618710100992
0.00032414336180595
-0.0003251231896982992
0.00032414336180595
-0.0003210618710100992
0.0003157463916364812
-0.00030838152277938574
0.0002991776885235327
-0.0002880366902431889
0.00027484945906393793
-0.00025987455653231047
0.0002434215012768893
-0.00022539846250323002
0.0002056581057140388
-0.0001845691085808224
0.00016262459305058907
-0.00013965511070939952
0.0001152717265389429
-0.00009007762129590224
0.000065233198944892
-0.000040232431909534413
0.000013722943857769942
-0.00001894940244965439
0.00005555517472662576
-0.00009007762129590224
0.0001243841784485005
-0.00015917359714447612
0.00019284352719151199
-0.0002245610631265575
0.0002548632680073008
-0.0002839841256074474
0.0003112427057761883
-0.0003361299179245075
0.000358849209702769
-0.00037952738616819914
0.0003977370468213519
-0.0004131211555296017
0.00042583032064764785
-0.00043600014028755027
0.00044334004919539685
-0.0004475951426972493
0.0004489481434277018
-0.0004475951426972493
0.00044334004919539685
-0.00043600014028755027
0.00042583032064764785
-0.0004131211555296017
0.0003977370468213519
-0.00037952738616819914
0.000358849209702769
-0.0003361299179245075
0.0003112427057761883
-0.0002839841256074474
0.0002548632680073008
-0.0002245610631265575
0.00019284352719151199
-0.00015917359714447612
0.0001243841784485005
-0.00009007762129590224
0.00005555517472662576
-0.00001894940244965439
0.000024249422951317474
-0.00007109358369793142
0.0001152717265389429
-0.00015917359714447612
0.00020369338242164038
-0.0002467805655991098
0.00028736928315397693
-0.0003261468110714349
0.00036341257681403346
-0.00039829519864447794
0.0004301431967577254
-0.00045921692174452573
0.0004856786451843243
-0.0005089814255306417
0.000528668366044283
-0.0005449321992244819
0.000557946449063854
-0.0005673392811599268
0.0005727844957147374
-0.0005745159216556531
0.0005727844957147374
-0.0005673392811599268
0.000557946449063854
-0.0005449321992244819
0.000528668366044283
-0.0005089814255306417
0.0004856786451843243
-0.00045921692174452573
0.0004301431967577254
-0.00039829519864447794
0.00036341257681403346
-0.0003261468110714349
0.00028736928315397693
-0.0002467805655991098
0.00020369338242164038
-0.00015917359714447612
0.0001152717265389429
-0.00007109358369793142
0.000024249422951317474
-0.000029378894101678927
0.00008613198223163895
-0.00013965511070939952
0.00019284352719151199
-0.0002467805655991098
0.0002989819641334919
-0.0003481563975689321
0.00039513652111657316
-0.0004402851000154494
0.00048254642948307956
-0.00052113122244075
0.0005563549013399685
-0.0005884140630052368
0.0006166460715542052
-0.0006404973830554092
0.000660201498639837
-0.0006759686477638095
0.0006873483420360964
-0.0006939453807403932
0.000696043054547526
-0.0006939453807403932
0.0006873483420360964
-0.0006759686477638095
0.000660201498639837
-0.0006404973830554092
0.0006166460715542052
-0.0005884140630052368
0.0005563549013399685
-0.00052113122244075
0.00048254642948307956
-0.0004402851000154494
0.00039513652111657316
-0.0003481563975689321
0.0002989819641334919
-0.0002467805655991098
0.00019284352719151199
-0.00013965511070939952
0.00008613198223163895
-0.000029378894101678927
0.00003421092628327508
-0.00010029835992330853
0.00016262459305058907
-0.0002245610631265575
0.00028736928315397693
-0.0003481563975689321
0.00040541869312911536
-0.0004601257742705956
0.0005127000712866229
-0.0005619122445578991
0.0006068431906636908
-0.0006478602105037278
0.0006851922357541751
-0.0007180676448813809
0.0007458418509731102
-0.0007687867597706633
0.0007871471777806387
-0.000800398523475546
0.0008080805963275568
-0.0008105232806482738
0.0008080805963275568
-0.000800398523475546
0.0007871471777806387
-0.0007687867597706633
0.0007458418509731102
-0.0007180676448813809
0.0006851922357541751
-0.0006478602105037278
0.0006068431906636908
-0.0005619122445578991
0.0005127000712866229
-0.0004601257742705956
0.00040541869312911536
-0.0003481563975689321
0.00028736928315397693
-0.0002245610631265575
0.00016262459305058907
-0.00010029835992330853
0.00003421092628327508
-0.00003882733877688518
0.00011383259158966722
-0.0001845691085808224
0.0002548632680073008
-0.0003261468110714349
0.00039513652111657316
-0.0004601257742705956
0.0005222150131116157
-0.0005818836705544231
0.0006377365202472053
-0.000688730435219581
0.0007352822798484099
-0.0007776518777839962
0.0008149634851062088
-0.0008464855345313893
0.000872526622682892
-0.0008933645901864802
0.0009084040686351336
-0.0009171227581749592
0.0009198950576111142
-0.0009171227581749592
0.0009084040686351336
-0.0008933645901864802
0.000872526622682892
-0.0008464855345313893
0.0008149634851062088
-0.0007776518777839962
0.0007352822798484099
-0.000688730435219581
0.0006377365202472053
-0.0005818836705544231
0.0005222150131116157
-0.0004601257742705956
0.00039513652111657316
-0.0003261468110714349
0.0002548632680073008
-0.0001845691085808224
0.00011383259158966722
-0.00003882733877688518
0.00004326377801881601
-0.0001268391841671562
0.0002056581057140388
-0.0002839841256074474
0.00036341257681403346
-0.0004402851000154494
0.0005127000712866229
-0.0005818836705544231
0.0006483701110782125
-0.0007106047469545545
0.0007674252627862662
-0.0008192961541693
0.0008665069323883563
-0.0009080817904024325
0.0009432055715316465
-0.0009722221328682103
0.0009954410613046665
-0.0010121989612179273
0.0010219138544026887
-0.0010250029187368868
0.0010219138544026887
-0.0010121989612179273
0.0009954410613046665
-0.0009722221328682103
0.0009432055715316465
-0.0009080817904024325
0.0008665069323883563
-0.0008192961541693
0.0007674252627862662
-0.0007106047469545545
0.0006483701110782125
-0.0005818836705544231
0.0005127000712866229
-0.0004402851000154494
0.00036341257681403346
-0.0002839841256074474
0.0002056581057140388
-0.0001268391841671562
0.00004326377801881601
-0.00004741650718635641
0.00013901400578002822
-0.00022539846250323002
0.0003112427057761883
-0.00039829519864447794
0.00048254642948307956
-0.0005619122445578991
0.0006377365202472053
-0.0007106047469545545
0.0007788130540974822
-0.000841087559946118
0.0008979373453013556
-0.0009496797105595116
0.0009952451845904396
-0.0010337403668558686
0.001065542120011595
-0.0010909897470447196
0.0011093561754532554
-0.001120003565108167
0.0011233891372405386
-0.001120003565108167
0.0011093561754532554
-0.0010909897470447196
0.001065542120011595
-0.0010337403668558686
0.0009952451845904396
-0.0009496797105595116
0.0008979373453013556
-0.000841087559946118
0.0007788130540974822
-0.0007106047469545545
0.0006377365202472053
-0.0005619122445578991
0.00048254642948307956
-0.00039829519864447794
0.0003112427057761883
-0.00022539846250323002
0.00013901400578002822
-0.00004741650718635641
0.00005120796848578275
-0.0001501296752856232
0.0002434215012768893
-0.0003361299179245075
0.0004301431967577254
-0.00052113122244075
0.0006068431906636908
-0.000688730435219581
0.0007674252627862662
-0.000841087559946118
0.0009083415843817732
-0.0009697371233963418
0.0010256168489760006
-0.0010748257742358286
0.0011163990616261273
-0.0011507437080377815
0.0011782261473922593
-0.0011980611698970654
0.001209559933223552
-0.0012132162183729298
0.001209559933223552
-0.0011980611698970654
0.0011782261473922593
-0.0011507437080377815
0.0011163990616261273
-0.0010748257742358286
0.0010256168489760006
-0.0009697371233963418
0.0009083415843817732
-0.000841087559946118
0.0007674252627862662
-0.000688730435219581
0.0006068431906636908
-0.00052113122244075
0.0004301431967577254
-0.0003361299179245075
0.0002434215012768893
-0.0001501296752856232
0.00005120796848578275
-0.000054669156304422
0.00016027706091095088
-0.00025987455653231047
0.000358849209702769
-0.00045921692174452573
0.0005563549013399685
-0.0006478602105037278
0.0007352822798484099
-0.0008192961541693
0.0008979373453013556
-0.0009697371233963418
0.001035282436323832
-0.0010949391175454418
0.001147474113682792
-0.0011918573730393882
0.001228523401753652
-0.001257863401310828
0.001279039088956356
-0.0012913150629539922
0.0012952184793603738
-0.0012913150629539922
0.001279039088956356
-0.001257863401310828
0.001228523401753652
-0.0011918573730393882
0.001147474113682792
-0.0010949391175454418
0.001035282436323832
-0.0009697371233963418
0.0008979373453013556
-0.0008192961541693
0.0007352822798484099
-0.0006478602105037278
0.0005563549013399685
-0.00045921692174452573
0.000358849209702769
-0.00025987455653231047
0.00016027706091095088
-0.000054669156304422
0.00005781938885534602
-0.00016951279909641962
0.00027484945906393793
-0.00037952738616819914
0.0004856786451843243
-0.0005884140630052368
0.0006851922357541751
-0.0007776518777839962
0.0008665069323883563
-0.0009496797105595116
0.0010256168489760006
-0.0010949391175454418
0.001158033430363521
-0.0012135956811007592
0.0012605364627933993
-0.001299315319379482
0.0013303459947746831
-0.0013527419013703204
0.0013657252609487092
-0.0013698536061861615
0.0013657252609487092
-0.0013527419013703204
0.0013303459947746831
-0.001299315319379482
0.0012605364627933993
-0.0012135956811007592
0.001158033430363521
-0.0010949391175454418
0.0010256168489760006
-0.0009496797105595116
0.0008665069323883563
-0.0007776518777839962
0.0006851922357541751
-0.0005884140630052368
0.0004856786451843243
-0.00037952738616819914
0.00027484945906393793
-0.00016951279909641962
0.00005781938885534602
-0.00006059355348377661
0.00017764599490891853
-0.0002880366902431889
0.0003977370468213519
-0.0005089814255306417
0.0006166460715542052
-0.0007180676448813809
0.0008149634851062088
-0.0009080817904024325
0.0009952451845904396
-0.0010748257742358286
0.001147474113682792
-0.0012135956811007592
0.0012718237993561904
-0.001321016791921007
0.0013616562515747083
-0.0013941757735969993
0.001417646232053686
-0.001431252531057994
0.001435578953611005
-0.001431252531057994
0.001417646232053686
-0.0013941757735969993
0.0013616562515747083
-0.001321016791921007
0.0012718237993561904
-0.0012135956811007592
0.001147474113682792
-0.0010748257742358286
0.0009952451845904396
-0.0009080817904024325
0.0008149634851062088
-0.0007180676448813809
0.0006166460715542052
-0.0005089814255306417
0.0003977370468213519
-0.0002880366902431889
0.00017764599490891853
-0.00006059355348377661
0.00006293725724801827
-0.000184517181083566
0.0002991776885235327
-0.0004131211555296017
0.000528668366044283
-0.0006404973830554092
0.0007458418509731102
-0.0008464855345313893
0.0009432055715316465
-0.0010337403668558686
0.0011163990616261273
-0.0011918573730393882
0.0012605364627933993
-0.001321016791921007
0.0013721125248801354
-0.001414323882022777
0.0014481012297013138
-0.0014724795042320015
0.0014866120825574643
-0.0014911058472160327
0.0014866120825574643
-0.0014724795042320015
0.0014481012297013138
-0.001414323882022777
0.0013721125248801354
-0.001321016791921007
0.0012605364627933993
-0.0011918573730393882
0.0011163990616261273
-0.0010337403668558686
0.0009432055715316465
-0.0008464855345313893
0.0007458418509731102
-0.0006404973830554092
0.000528668366044283
-0.0004131211555296017
0.0002991776885235327
-0.000184517181083566
0.00006293725724801827
-0.00006487344469263509
0.0001901936256086623
-0.00030838152277938574
0.00042583032064764785
-0.0005449321992244819
0.000660201498639837
-0.0007687867597706633
0.000872526622682892
-0.0009722221328682103
0.001065542120011595
-0.0011507437080377815
0.001228523401753652
-0.001299315319379482
0.0013616562515747083
-0.001414323882022777
0.0014578338197406375
-0.0014926502860485404
0.0015177785282634209
-0.00153234587800903
0.0015369778878198568
-0.00153234587800903
0.0015177785282634209
-0.0014926502860485404
0.0014578338197406375
-0.001414323882022777
0.0013616562515747083
-0.001299315319379482
0.001228523401753652
-0.0011507437080377815
0.001065542120011595
-0.0009722221328682103
0.000872526622682892
-0.0007687867597706633
0.000660201498639837
-0.0005449321992244819
0.00042583032064764785
-0.00030838152277938574
0.0001901936256086623
-0.00006487344469263509
0.00006642277361533809
-0.00019473589227055112
0.0003157463916364812
-0.00043600014028755027
0.000557946449063854
-0.0006759686477638095
0.0007871471777806387
-0.0008933645901864802
0.0009954410613046665
-0.0010909897470447196
0.0011782261473922593
-0.001257863401310828
0.0013303459947746831
-0.0013941757735969993
0.0014481012297013138
-0.0014926502860485404
0.001528298250645038
-0.0015540266137973012
0.0015689418657761727
-0.0015736844987673188
0.0015689418657761727
-0.0015540266137973012
0.001528298250645038
-0.0014926502860485404
0.0014481012297013138
-0.0013941757735969993
0.0013303459947746831
-0.001257863401310828
0.0011782261473922593
-0.0010909897470447196
0.0009954410613046665
-0.0008933645901864802
0.0007871471777806387
-0.0006759686477638095
0.000557946449063854
-0.00043600014028755027
0.0003157463916364812
-0.00019473589227055112
0.00006642277361533809
-0.00006754097763110184
0.00019801420247800056
-0.0003210618710100992
0.00044334004919539685
-0.0005673392811599268
0.0006873483420360964
-0.000800398523475546
0.0009084040686351336
-0.0010121989612179273
0.0011093561754532554
-0.0011980611698970654
0.001279039088956356
-0.0013527419013703204
0.001417646232053686
-0.0014724795042320015
0.0015177785282634209
-0.0015540266137973012
0.0015801881048879203
-0.0015953544498843086
0.0016001769234326513
-0.0015953544498843086
0.0015801881048879203
-0.0015540266137973012
0.0015177785282634209
-0.0014724795042320015
0.001417646232053686
-0.0013527419013703204
0.001279039088956356
-0.0011980611698970654
0.0011093561754532554
-0.0010121989612179273
0.0009084040686351336
-0.000800398523475546
0.0006873483420360964
-0.0005673392811599268
0.00044334004919539685
-0.0003210618710100992
0.00019801420247800056
-0.00006754097763110184
0.00006818922309313136
-0.000199914705145801
0.00032414336180595
-0.0004475951426972493
0.0005727844957147374
-0.0006939453807403932
0.0008080805963275568
-0.0009171227581749592
0.0010219138544026887
-0.001120003565108167
0.001209559933223552
-0.0012913150629539922
0.0013657252609487092
-0.001431252531057994
0.0014866120825574643
-0.00153234587800903
0.0015689418657761727
-0.0015953544498843086
0.0016106663585764606
-0.0016155351173090442
0.0016106663585764606
-0.0015953544498843086
0.0015689418657761727
-0.00153234587800903
0.0014866120825574643
-0.001431252531057994
0.0013657252609487092
-0.0012913150629539922
0.001209559933223552
-0.001120003565108167
0.0010219138544026887
-0.0009171227581749592
0.0008080805963275568
-0.0006939453807403932
0.0005727844957147374
-0.0004475951426972493
0.00032414336180595
-0.000199914705145801
0.00006818922309313136
-0.00006839534702043322
0.00020051901184238511
-0.0003251231896982992
0.0004489481434277018
-0.0005745159216556531
0.000696043054547526
-0.0008105232806482738
0.0009198950576111142
-0.0010250029187368868
0.0011233891372405386
-0.0012132162183729298
0.0012952184793603738
-0.0013698536061861615
0.001435578953611005
-0.0014911058472160327
0.0015369778878198568
-0.0015736844987673188
0.0016001769234326513
-0.0016155351173090442
0.0016204185934357484
-0.0016155351173090442
0.0016001769234326513
-0.0015736844987673188
0.0015369778878198568
-0.0014911058472160327
0.001435578953611005
-0.0013698536061861615
0.0012952184793603738
-0.0012132162183729298
0.0011233891372405386
-0.0010250029187368868
0.0009198950576111142
-0.0008105232806482738
0.000696043054547526
-0.0005745159216556531
0.0004489481434277018
-0.0003251231896982992
0.00020051901184238511
-0.00006839534702043322
0.00006818922309313136
-0.000199914705145801
0.00032414336180595
-0.0004475951426972493
0.0005727844957147374
-0.0006939453807403932
0.0008080805963275568
-0.0009171227581749592
0.0010219138544026887
-0.001120003565108167
0.001209559933223552
-0.0012913150629539922
0.0013657252609487092
-0.001431252531057994
0.0014866120825574643
-0.00153234587800903
0.0015689418657761727
-0.0015953544498843086
0.0016106663585764606
-0.0016155351173090442
0.0016106663585764606
-0.0015953544498843086
0.0015689418657761727
-0.00153234587800903
0.0014866120825574643
-0.001431252531057994
0.0013657252609487092
-0.0012913150629539922
0.001209559933223552
-0.001120003565108167
0.0010219138544026887
-0.0009171227581749592
0.0008080805963275568
-0.0006939453807403932
0.0005727844957147374
-0.0004475951426972493
0.00032414336180595
-0.000199914705145801
0.00006818922309313136
-0.00006754097763110184
0.00019801420247800056
-0.0003210618710100992
0.00044334004919539685
-0.0005673392811599268
0.0006873483420360964
-0.000800398523475546
0.0009084040686351336
-0.0010121989612179273
0.0011093561754532554
-0.0011980611698970654
0.001279039088956356
-0.0013527419013703204
0.001417646232053686
-0.0014724795042320015
0.0015177785282634209
-0.0015540266137973012
0.0015801881048879203
-0.0015953544498843086
0.0016001769234326513
-0.0015953544498843086
0.0015801881048879203
-0.0015540266137973012
0.0015177785282634209
-0.0014724795042320015
0.001417646232053686
-0.0013527419013703204
0.001279039088956356
-0.0011980611698970654
0.0011093561754532554
-0.0010121989612179273
0.0009084040686351336
-0.000800398523475546
0.0006873483420360964
-0.0005673392811599268
0.00044334004919539685
-0.0003210618710100992
0.00019801420247800056
-0.00006754097763110184
0.00006642277361533809
-0.00019473589227055112
0.0003157463916364812
-0.00043600014028755027
0.000557946449063854
-0.0006759686477638095
0.0007871471777806387
-0.0008933645901864802
0.0009954410613046665
-0.0010909897470447196
0.0011782261473922593
-0.001257863401310828
0.0013303459947746831
-0.0013941757735969993
0.0014481012297013138
-0.0014926502860485404
0.001528298250645038
-0.0015540266137973012
0.0015689418657761727
-0.0015736844987673188
0.0015689418657761727
-0.0015540266137973012
0.001528298250645038
-0.0014926502860485404
0.0014481012297013138
-0.0013941757735969993
0.0013303459947746831
-0.001257863401310828
0.0011782261473922593
-0.0010909897470447196
0.0009954410613046665
-0.0008933645901864802
0.0007871471777806387
-0.0006759686477638095
0.000557946449063854
-0.00043600014028755027
0.0003157463916364812
-0.00019473589227055112
0.00006642277361533809
-0.00006487344469263509
0.0001901936256086623
-0.00030838152277938574
0.00042583032064764785
-0.0005449321992244819
0.000660201498639837
-0.0007687867597706633
0.000872526622682892
-0.0009722221328682103
0.001065542120011595
-0.0011507437080377815
0.001228523401753652
-0.001299315319379482
0.0013616562515747083
-0.001414323882022777
0.0014578338197406375
-0.0014926502860485404
0.0015177785282634209
-0.00153234587800903
0.0015369778878198568
-0.00153234587800903
0.0015177785282634209
-0.0014926502860485404
0.0014578338197406375
-0.001414323882022777
0.0013616562515747083
-0.001299315319379482
0.001228523401753652
-0.0011507437080377815
0.001065542120011595
-0.0009722221328682103
0.000872526622682892
-0.0007687867597706633
0.000660201498639837
-0.0005449321992244819
0.00042583032064764785
-0.00030838152277938574
0.0001901936256086623
-0.00006487344469263509
0.00006293725724801827
-0.000184517181083566
0.0002991776885235327
-0.0004131211555296017
0.000528668366044283
-0.0006404973830554092
0.0007458418509731102
-0.0008464855345313893
0.0009432055715316465
-0.0010337403668558686
0.0011163990616261273
-0.0011918573730393882
0.0012605364627933993
-0.001321016791921007
0.0013721125248801354
-0.001414323882022777
0.0014481012297013138
-0.0014724795042320015
0.0014866120825574643
-0.0014911058472160327
0.0014866120825574643
-0.0014724795042320015
0.0014481012297013138
-0.001414323882022777
0.0013721125248801354
-0.001321016791921007
0.0012605364627933993
-0.0011918573730393882
0.0011163990616261273
-0.0010337403668558686
0.0009432055715316465
-0.0008464855345313893
0.0007458418509731102
-0.0006404973830554092
0.000528668366044283
-0.0004131211555296017
0.0002991776885235327
-0.000184517181083566
0.00006293725724801827
-0.00006059355348377661
0.00017764599490891853
-0.0002880366902431889
0.0003977370468213519
-0.0005089814255306417
0.0006166460715542052
-0.0007180676448813809
0.0008149634851062088
-0.0009080817904024325
0.0009952451845904396
-0.0010748257742358286
0.001147474113682792
-0.0012135956811007592
0.0012718237993561904
-0.001321016791921007
0.0013616562515747083
-0.0013941757735969993
0.001417646232053686
-0.001431252531057994
0.001435578953611005
-0.001431252531057994
0.001417646232053686
-0.0013941757735969993
0.0013616562515747083
-0.001321016791921007
0.0012718237993561904
-0.0012135956811007592
0.001147474113682792
-0.0010748257742358286
0.0009952451845904396
-0.0009080817904024325
0.0008149634851062088
-0.0007180676448813809
0.0006166460715542052
-0.0005089814255306417
0.0003977370468213519
-0.0002880366902431889
0.00017764599490891853
-0.00006059355348377661
0.00005781938885534602
-0.00016951279909641962
0.00027484945906393793
-0.00037952738616819914
0.0004856786451843243
-0.0005884140630052368
0.0006851922357541751
-0.0007776518777839962
0.0008665069323883563
-0.0009496797105595116
0.0010256168489760006
-0.0010949391175454418
0.001158033430363521
-0.0012135956811007592
0.0012605364627933993
-0.001299315319379482
0.0013303459947746831
-0.0013527419013703204
0.0013657252609487092
-0.0013698536061861615
0.0013657252609487092
-0.0013527419013703204
0.0013303459947746831
-0.001299315319379482
0.0012605364627933993
-0.0012135956811007592
0.001158033430363521
-0.0010949391175454418
0.0010256168489760006
-0.0009496797105595116
0.0008665069323883563
-0.0007776518777839962
0.0006851922357541751
-0.0005884140630052368
0.0004856786451843243
-0.00037952738616819914
0.00027484945906393793
-0.00016951279909641962
0.00005781938885534602
-0.000054669156304422
0.00016027706091095088
-0.00025987455653231047
0.000358849209702769
-0.00045921692174452573
0.0005563549013399685
-0.0006478602105037278
0.0007352822798484099
-0.0008192961541693
0.0008979373453013556
-0.0009697371233963418
0.001035282436323832
-0.0010949391175454418
0.001147474113682792
-0.0011918573730393882
0.001228523401753652
-0.001257863401310828
0.001279039088956356
-0.0012913150629539922
0.0012952184793603738
-0.0012913150629539922
0.001279039088956356
-0.001257863401310828
0.001228523401753652
-0.0011918573730393882
0.001147474113682792
-0.0010949391175454418
0.001035282436323832
-0.0009697371233963418
0.0008979373453013556
-0.0008192961541693
0.0007352822798484099
-0.0006478602105037278
0.0005563549013399685
-0.00045921692174452573
0.000358849209702769
-0.00025987455653231047
0.00016027706091095088
-0.000054669156304422
0.00005120796848578275
-0.0001501296752856232
0.0002434215012768893
-0.0003361299179245075
0.0004301431967577254
-0.00052113122244075
0.0006068431906636908
-0.000688730435219581
0.0007674252627862662
-0.000841087559946118
0.0009083415843817732
-0.0009697371233963418
0.0010256168489760006
-0.0010748257742358286
0.0011163990616261273
-0.0011507437080377815
0.0011782261473922593
-0.0011980611698970654
0.001209559933223552
-0.0012132162183729298
0.001209559933223552
-0.0011980611698970654
0.0011782261473922593
-0.0011507437080377815
0.0011163990616261273
-0.0010748257742358286
0.0010256168489760006
-0.0009697371233963418
0.0009083415843817732
-0.000841087559946118
0.0007674252627862662
-0.000688730435219581
0.0006068431906636908
-0.00052113122244075
0.0004301431967577254
-0.0003361299179245075
0.0002434215012768893
-0.0001501296752856232
0.00005120796848578275
-0.00004741650718635641
0.00013901400578002822
-0.00022539846250323002
0.0003112427057761883
-0.00039829519864447794
0.00048254642948307956
-0.0005619122445578991
0.0006377365202472053
-0.0007106047469545545
0.0007788130540974822
-0.000841087559946118
0.0008979373453013556
-0.0009496797105595116
0.0009952451845904396
-0.0010337403668558686
0.001065542120011595
-0.0010909897470447196
0.0011093561754532554
-0.001120003565108167
0.0011233891372405386
-0.001120003565108167
0.0011093561754532554
-0.0010909897470447196
0.001065542120011595
-0.0010337403668558686
0.0009952451845904396
-0.0009496797105595116
0.0008979373453013556
-0.000841087559946118
0.0007788130540974822
-0.0007106047469545545
0.0006377365202472053
-0.0005619122445578991
0.00048254642948307956
-0.00039829519864447794
0.0003112427057761883
-0.00022539846250323002
0.00013901400578002822
-0.00004741650718635641
0.00004326377801881601
-0.0001268391841671562
0.0002056581057140388
-0.0002839841256074474
0.00036341257681403346
-0.0004402851000154494
0.0005127000712866229
-0.0005818836705544231
0.0006483701110782125
-0.0007106047469545545
0.0007674252627862662
-0.0008192961541693
0.0008665069323883563
-0.0009080817904024325
0.0009432055715316465
-0.0009722221328682103
0.0009954410613046665
-0.0010121989612179273
0.0010219138544026887
-0.0010250029187368868
0.0010219138544026887
-0.0010121989612179273
0.0009954410613046665
-0.0009722221328682103
0.0009432055715316465
-0.0009080817904024325
0.0008665069323883563
-0.0008192961541693
0.0007674252627862662
-0.0007106047469545545
0.0006483701110782125
-0.0005818836705544231
0.0005127000712866229
-0.0004402851000154494
0.00036341257681403346
-0.0002839841256074474
0.0002056581057140388
-0.0001268391841671562
0.00004326377801881601
-0.00003882733877688518
0.00011383259158966722
-0.0001845691085808224
0.0002548632680073008
-0.0003261468110714349
0.00039513652111657316
-0.0004601257742705956
0.0005222150131116157
-0.0005818836705544231
0.0006377365202472053
-0.000688730435219581
0.0007352822798484099
-0.0007776518777839962
0.0008149634851062088
-0.0008464855345313893
0.000872526622682892
-0.0008933645901864802
0.0009084040686351336
-0.0009171227581749592
0.0009198950576111142
-0.0009171227581749592
0.0009084040686351336
-0.0008933645901864802
0.000872526622682892
-0.0008464855345313893
0.0008149634851062088
-0.0007776518777839962
0.0007352822798484099
-0.000688730435219581
0.0006377365202472053
-0.0005818836705544231
0.0005222150131116157
-0.0004601257742705956
0.00039513652111657316
-0.0003261468110714349
0.0002548632680073008
-0.0001845691085808224
0.00011383259158966722
-0.00003882733877688518
0.00003421092628327508
-0.00010029835992330853
0.00016262459305058907
-0.0002245610631265575
0.00028736928315397693
-0.0003481563975689321
0.00040541869312911536
-0.0004601257742705956
0.0005127000712866229
-0.0005619122445578991
0.0006068431906636908
-0.0006478602105037278
0.0006851922357541751
-0.0007180676448813809
0.0007458418509731102
-0.0007687867597706633
0.0007871471777806387
-0.000800398523475546
0.0008080805963275568
-0.0008105232806482738
0.0008080805963275568
-0.000800398523475546
0.0007871471777806387
-0.0007687867597706633
0.0007458418509731102
-0.0007180676448813809
0.0006851922357541751
-0.0006478602105037278
0.0006068431906636908
-0.0005619122445578991
0.0005127000712866229
-0.0004601257742705956
0.00040541869312911536
-0.0003481563975689321
0.00028736928315397693
-0.0002245610631265575
0.00016262459305058907
-0.00010029835992330853
0.00003421092628327508
-0.000029378894101678927
0.00008613198223163895
-0.00013965511070939952
0.00019284352719151199
-0.0002467805655991098
0.0002989819641334919
-0.0003481563975689321
0.00039513652111657316
-0.0004402851000154494
0.00048254642948307956
-0.00052113122244075
0.0005563549013399685
-0.0005884140630052368
0.0006166460715542052
-0.0006404973830554092
0.000660201498639837
-0.0006759686477638095
0.0006873483420360964
-0.0006939453807403932
0.000696043054547526
-0.0006939453807403932
0.0006873483420360964
-0.0006759686477638095
0.000660201498639837
-0.0006404973830554092
0.0006166460715542052
-0.0005884140630052368
0.0005563549013399685
-0.00052113122244075
0.00048254642948307956
-0.0004402851000154494
0.00039513652111657316
-0.0003481563975689321
0.0002989819641334919
-0.0002467805655991098
0.00019284352719151199
-0.00013965511070939952
0.00008613198223163895
-0.000029378894101678927
0.000024249422951317474
-0.00007109358369793142
0.0001152717265389429
-0.00015917359714447612
0.00020369338242164038
-0.0002467805655991098
0.00028736928315397693
-0.0003261468110714349
0.00036341257681403346
-0.00039829519864447794
0.0004301431967577254
-0.00045921692174452573
0.0004856786451843243
-0.0005089814255306417
0.000528668366044283
-0.0005449321992244819
0.000557946449063854
-0.0005673392811599268
0.0005727844957147374
-0.0005745159216556531
0.0005727844957147374
-0.0005673392811599268
0.000557946449063854
-0.0005449321992244819
0.000528668366044283
-0.0005089814255306417
0.0004856786451843243
-0.00045921692174452573
0.0004301431967577254
-0.00039829519864447794
0.00036341257681403346
-0.0003261468110714349
0.00028736928315397693
-0.0002467805655991098
0.00020369338242164038
-0.00015917359714447612
0.0001152717265389429
-0.00007109358369793142
0.000024249422951317474
-0.00001894940244965439
0.00005555517472662576
-0.00009007762129590224
0.0001243841784485005
-0.00015917359714447612
0.00019284352719151199
-0.0002245610631265575
0.0002548632680073008
-0.0002839841256074474
0.0003112427057761883
-0.0003361299179245075
0.000358849209702769
-0.00037952738616819914
0.0003977370468213519
-0.0004131211555296017
0.00042583032064764785
-0.00043600014028755027
0.00044334004919539685
-0.0004475951426972493
0.0004489481434277018
-0.0004475951426972493
0.00044334004919539685
-0.00043600014028755027
0.00042583032064764785
-0.0004131211555296017
0.0003977370468213519
-0.00037952738616819914
0.000358849209702769
-0.0003361299179245075
0.0003112427057761883
-0.0002839841256074474
0.0002548632680073008
-0.0002245610631265575
0.00019284352719151199
-0.00015917359714447612
0.0001243841784485005
-0.00009007762129590224
0.00005555517472662576
-0.00001894940244965439
0.000013722943857769942
-0.000040232431909534413
0.000065233198944892
-0.00009007762129590224
0.0001152717265389429
-0.00013965511070939952
0.00016262459305058907
-0.0001845691085808224
0.0002056581057140388
-0.00022539846250323002
0.0002434215012768893
-0.00025987455653231047
0.00027484945906393793
-0.0002880366902431889
0.0002991776885235327
-0.00030838152277938574
0.0003157463916364812
-0.0003210618710100992
0.00032414336180595
-0.0003251231896982992
0.00032414336180595
-0.0003210618710100992
0.0003157463916364812
-0.00030838152277938574
0.0002991776885235327
-0.0002880366902431889
0.00027484945906393793
-0.00025987455653231047
0.0002434215012768893
-0.00022539846250323002
0.0002056581057140388
-0.0001845691085808224
0.00016262459305058907
-0.00013965511070939952
0.0001152717265389429
-0.00009007762129590224
0.000065233198944892
-0.000040232431909534413
0.000013722943857769942
-8.463595428188407e-6
0.00002481326385239412
-0.000040232431909534413
0.00005555517472662576
-0.00007109358369793142
0.00008613198223163895
-0.00010029835992330853
0.00011383259158966722
-0.0001268391841671562
0.00013901400578002822
-0.0001501296752856232
0.00016027706091095088
-0.00016951279909641962
0.00017764599490891853
-0.000184517181083566
0.0001901936256086623
-0.00019473589227055112
0.00019801420247800056
-0.000199914705145801
0.00020051901184238511
-0.000199914705145801
0.00019801420247800056
-0.00019473589227055112
0.0001901936256086623
-0.000184517181083566
0.00017764599490891853
-0.00016951279909641962
0.00016027706091095088
-0.0001501296752856232
0.00013901400578002822
-0.0001268391841671562
0.00011383259158966722
-0.00010029835992330853
0.00008613198223163895
-0.00007109358369793142
0.00005555517472662576
-0.000040232431909534413
0.00002481326385239412
-8.463595428188407e-6
2.8868611561207496e-6
-8.463595428188407e-6
0.000013722943857769942
-0.00001894940244965439
0.000024249422951317474
-0.000029378894101678927
0.00003421092628327508
-0.00003882733877688518
0.00004326377801881601
-0.00004741650718635641
0.00005120796848578275
-0.000054669156304422
0.00005781938885534602
-0.00006059355348377661
0.00006293725724801827
-0.00006487344469263509
0.00006642277361533809
-0.00006754097763110184
0.00006818922309313136
-0.00006839534702043322
0.00006818922309313136
-0.00006754097763110184
0.00006642277361533809
-0.00006487344469263509
0.00006293725724801827
-0.00006059355348377661
0.00005781938885534602
-0.000054669156304422
0.00005120796848578275
-0.00004741650718635641
0.00004326377801881601
-0.00003882733877688518
0.00003421092628327508
-0.000029378894101678927
0.000024249422951317474
-0.00001894940244965439
0.000013722943857769942
-8.463595428188407e-6
2.8868611561207496e-6