0.00013150724893166654
-0.000380685483454704
0.0006008481575568726
-0.0007973013546203788
0.0009690444566932686
-0.0010979108397063265
0.0011721838275465504
-0.0011953720258939004
0.0011721838275465504
-0.0010979108397063265
0.0009690444566932686
-0.0007973013546203788
0.0006008481575568726
-0.000380685483454704
0.00013150724893166654
-0.000380685483454704
0.0011020034141878022
-0.0017393274758660678
0.00230801765004197
-0.00280517736080895
0.0031782180997561704
-0.0033932225844007626
0.0034603474810890916
-0.0033932225844007626
0.0031782180997561704
-0.00280517736080895
0.00230801765004197
-0.0017393274758660678
0.0011020034141878022
-0.000380685483454704
0.0006008481575568726
-0.0017393274758660678
0.002745236565834328
-0.0036428185809755606
0.004427501762259489
-0.005016283973380396
0.005355632475174631
-0.005461577861206607
0.005355632475174631
-0.005016283973380396
0.004427501762259489
-0.0036428185809755606
0.002745236565834328
-0.0017393274758660678
0.0006008481575568726
-0.0007973013546203788
0.00230801765004197
-0.0036428185809755606
0.004833873837706136
-0.0058751168797575495
0.006656407208435385
-0.0071067090305614354
0.007247294299462884
-0.0071067090305614354
0.006656407208435385
-0.0058751168797575495
0.004833873837706136
-0.0036428185809755606
0.00230801765004197
-0.0007973013546203788
0.0009690444566932686
-0.00280517736080895
0.004427501762259489
-0.0058751168797575495
0.007140649406603413
-0.008090233974202448
0.008637533288371925
-0.008808401398318316
0.008637533288371925
-0.008090233974202448
0.007140649406603413
-0.0058751168797575495
0.004427501762259489
-0.00280517736080895
0.0009690444566932686
-0.0010979108397063265
0.0031782180997561704
-0.005016283973380396
0.006656407208435385
-0.008090233974202448
0.009166097091507114
-0.009786177878761135
0.009979768532703295
-0.009786177878761135
0.009166097091507114
-0.008090233974202448
0.006656407208435385
-0.005016283973380396
0.0031782180997561704
-0.0010979108397063265
0.0011721838275465504
-0.0033932225844007626
0.005355632475174631
-0.0071067090305614354
0.008637533288371925
-0.009786177878761135
0.010448206746957678
-0.010654893688654929
0.010448206746957678
-0.009786177878761135
0.008637533288371925
-0.0071067090305614354
0.005355632475174631
-0.0033932225844007626
0.0011721838275465504
-0.0011953720258939004
0.0034603474810890916
-0.005461577861206607
0.007247294299462884
-0.008808401398318316
0.009979768532703295
-0.010654893688654929
0.010865669321636988
-0.010654893688654929
0.009979768532703295
-0.008808401398318316
0.007247294299462884
-0.005461577861206607
0.0034603474810890916
-0.0011953720258939004
0.0011721838275465504
-0.0033932225844007626
0.005355632475174631
-0.0071067090305614354
0.008637533288371925
-0.009786177878761135
0.010448206746957678
-0.010654893688654929
0.010448206746957678
-0.009786177878761135
0.008637533288371925
-0.0071067090305614354
0.005355632475174631
-0.0033932225844007626
0.0011721838275465504
-0.0010979108397063265
0.0031782180997561704
-0.005016283973380396
0.006656407208435385
-0.008090233974202448
0.009166097091507114
-0.009786177878761135
0.009979768532703295
-0.009786177878761135
0.009166097091507114
-0.008090233974202448
0.006656407208435385
-0.005016283973380396
0.0031782180997561704
-0.0010979108397063265
0.0009690444566932686
-0.00280517736080895
0.004427501762259489
-0.0058751168797575495
0.007140649406603413
-0.008090233974202448
0.008637533288371925
-0.008808401398318316
0.008637533288371925
-0.008090233974202448
0.007140649406603413
-0.0058751168797575495
0.004427501762259489
-0.00280517736080895
0.0009690444566932686
-0.0007973013546203788
0.00230801765004197
-0.0036428185809755606
0.004833873837706136
-0.0058751168797575495
0.006656407208435385
-0.0071067090305614354
0.007247294299462884
-0.0071067090305614354
0.006656407208435385
-0.0058751168797575495
0.004833873837706136
-0.0036428185809755606
0.00230801765004197
-0.0007973013546203788
0.0006008481575568726
-0.0017393274758660678
0.002745236565834328
-0.0036428185809755606
0.004427501762259489
-0.005016283973380396
0.005355632475174631
-0.005461577861206607
0.005355632475174631
-0.005016283973380396
0.004427501762259489
-0.0036428185809755606
0.002745236565834328
-0.0017393274758660678
0.0006008481575568726
-0.000380685483454704
0.0011020034141878022
-0.0017393274758660678
0.00230801765004197
-0.00280517736080895
0.0031782180997561704
-0.0033932225844007626
0.0034603474810890916
-0.0033932225844007626
0.0031782180997561704
-0.00280517736080895
0.00230801765004197
-0.0017393274758660678
0.0011020034141878022
-0.000380685483454704
0.00013150724893166654
-0.000380685483454704
0.0006008481575568726
-0.0007973013546203788
0.0009690444566932686
-0.0010979108397063265
0.0011721838275465504
-0.0011953720258939004
0.0011721838275465504
-0.0010979108397063265
0.0009690444566932686
-0.0007973013546203788
0.0006008481575568726
-0.000380685483454704
0.00013150724893166654