0.00005115665155514149
0.00014173134215192162
0.0002378818242418773
0.00032468508302710555
0.00039977962276987246
0.0004649102396122682
0.0005194049316104661
0.0005593651056689044
0.0005824290518130228
0.0005897001170182789
0.0005824290518130228
0.0005593651056689044
0.0005194049316104661
0.0004649102396122682
0.00039977962276987246
0.00032468508302710555
0.0002378818242418773
0.00014173134215192162
0.00005115665155514149
0.00014173134215192162
0.00039267177849849243
0.0006590601456197195
0.0008995516945540731
0.001107603816467308
0.0012880505317943499
0.001439030034992188
0.0015497411337399645
0.0016136406256526052
0.0016337853731895756
0.0016136406256526052
0.0015497411337399645
0.001439030034992188
0.0012880505317943499
0.001107603816467308
0.0008995516945540731
0.0006590601456197195
0.00039267177849849243
0.00014173134215192162
0.0002378818242418773
0.0006590601456197195
0.0011061662674236553
0.001509807180623623
0.001859001773341609
0.0021618634634146504
0.002415267397213122
0.002601084858150689
0.0027083337381338802
0.002742144673811396
0.0027083337381338802
0.002601084858150689
0.002415267397213122
0.0021618634634146504
0.001859001773341609
0.001509807180623623
0.0011061662674236553
0.0006590601456197195
0.0002378818242418773
0.00032468508302710555
0.0008995516945540731
0.001509807180623623
0.002060736970375911
0.002537352935847796
0.002950729087222475
0.0032966003094016586
0.003550222703313749
0.0036966067812603657
0.003742755353109706
0.0036966067812603657
0.003550222703313749
0.0032966003094016586
0.002950729087222475
0.002537352935847796
0.002060736970375911
0.001509807180623623
0.0008995516945540731
0.00032468508302710555
0.00039977962276987246
0.001107603816467308
0.001859001773341609
0.002537352935847796
0.0031242026583727504
0.0036331861950288967
0.004059051976852343
0.004371333231102952
0.0045515736379470465
0.0046083956467479785
0.0045515736379470465
0.004371333231102952
0.004059051976852343
0.0036331861950288967
0.0031242026583727504
0.002537352935847796
0.001859001773341609
0.001107603816467308
0.00039977962276987246
0.0004649102396122682
0.0012880505317943499
0.0021618634634146504
0.002950729087222475
0.0036331861950288967
0.0042250914460919865
0.004720337705264566
0.005083494665927472
0.005293099172913404
0.005359178413130453
0.005293099172913404
0.005083494665927472
0.004720337705264566
0.0042250914460919865
0.0036331861950288967
0.002950729087222475
0.0021618634634146504
0.0012880505317943499
0.0004649102396122682
0.0005194049316104661
0.001439030034992188
0.002415267397213122
0.0032966003094016586
0.004059051976852343
0.004720337705264566
0.0052736345085150245
0.005679359098436498
0.005913532505129089
0.005987357257353157
0.005913532505129089
0.005679359098436498
0.0052736345085150245
0.004720337705264566
0.004059051976852343
0.0032966003094016586
0.002415267397213122
0.001439030034992188
0.0005194049316104661
0.0005593651056689044
0.0015497411337399645
0.002601084858150689
0.003550222703313749
0.004371333231102952
0.005083494665927472
0.005679359098436498
0.006116297918809695
0.006368487346378866
0.0064479917711843015
0.006368487346378866
0.006116297918809695
0.005679359098436498
0.005083494665927472
0.004371333231102952
0.003550222703313749
0.002601084858150689
0.0015497411337399645
0.0005593651056689044
0.0005824290518130228
0.0016136406256526052
0.0027083337381338802
0.0036966067812603657
0.0045515736379470465
0.005293099172913404
0.005913532505129089
0.006368487346378866
0.0066310751404471706
0.006713857720706616
0.0066310751404471706
0.006368487346378866
0.005913532505129089
0.005293099172913404
0.0045515736379470465
0.0036966067812603657
0.0027083337381338802
0.0016136406256526052
0.0005824290518130228
0.0005897001170182789
0.0016337853731895756
0.002742144673811396
0.003742755353109706
0.0046083956467479785
0.005359178413130453
0.005987357257353157
0.0064479917711843015
0.006713857720706616
0.006797673761671795
0.006713857720706616
0.0064479917711843015
0.005987357257353157
0.005359178413130453
0.0046083956467479785
0.003742755353109706
0.002742144673811396
0.0016337853731895756
0.0005897001170182789
0.0005824290518130228
0.0016136406256526052
0.0027083337381338802
0.0036966067812603657
0.0045515736379470465
0.005293099172913404
0.005913532505129089
0.006368487346378866
0.0066310751404471706
0.006713857720706616
0.0066310751404471706
0.006368487346378866
0.005913532505129089
0.005293099172913404
0.0045515736379470465
0.0036966067812603657
0.0027083337381338802
0.0016136406256526052
0.0005824290518130228
0.0005593651056689044
0.0015497411337399645
0.002601084858150689
0.003550222703313749
0.004371333231102952
0.005083494665927472
0.005679359098436498
0.006116297918809695
0.006368487346378866
0.0064479917711843015
0.006368487346378866
0.006116297918809695
0.005679359098436498
0.005083494665927472
0.004371333231102952
0.003550222703313749
0.002601084858150689
0.0015497411337399645
0.0005593651056689044
0.0005194049316104661
0.001439030034992188
0.002415267397213122
0.0032966003094016586
0.004059051976852343
0.004720337705264566
0.0052736345085150245
0.005679359098436498
0.005913532505129089
0.005987357257353157
0.005913532505129089
0.005679359098436498
0.0052736345085150245
0.004720337705264566
0.004059051976852343
0.0032966003094016586
0.002415267397213122
0.001439030034992188
0.0005194049316104661
0.0004649102396122682
0.0012880505317943499
0.0021618634634146504
0.002950729087222475
0.0036331861950288967
0.0042250914460919865
0.004720337705264566
0.005083494665927472
0.005293099172913404
0.005359178413130453
0.005293099172913404
0.005083494665927472
0.004720337705264566
0.0042250914460919865
0.0036331861950288967
0.002950729087222475
0.0021618634634146504
0.0012880505317943499
0.0004649102396122682
0.00039977962276987246
0.001107603816467308
0.001859001773341609
0.002537352935847796
0.0031242026583727504
0.0036331861950288967
0.004059051976852343
0.004371333231102952
0.0045515736379470465
0.0046083956467479785
0.0045515736379470465
0.004371333231102952
0.004059051976852343
0.0036331861950288967
0.0031242026583727504
0.002537352935847796
0.001859001773341609
0.001107603816467308
0.00039977962276987246
0.00032468508302710555
0.0008995516945540731
0.001509807180623623
0.002060736970375911
0.002537352935847796
0.002950729087222475
0.0032966003094016586
0.003550222703313749
0.0036966067812603657
0.003742755353109706
0.0036966067812603657
0.003550222703313749
0.0032966003094016586
0.002950729087222475
0.002537352935847796
0.002060736970375911
0.001509807180623623
0.0008995516945540731
0.00032468508302710555
0.0002378818242418773
0.0006590601456197195
0.0011061662674236553
0.001509807180623623
0.001859001773341609
0.0021618634634146504
0.002415267397213122
0.002601084858150689
0.0027083337381338802
0.002742144673811396
0.0027083337381338802
0.002601084858150689
0.002415267397213122
0.0021618634634146504
0.001859001773341609
0.001509807180623623
0.0011061662674236553
0.0006590601456197195
0.0002378818242418773
0.00014173134215192162
0.00039267177849849243
0.0006590601456197195
0.0008995516945540731
0.001107603816467308
0.0012880505317943499
0.001439030034992188
0.0015497411337399645
0.0016136406256526052
0.0016337853731895756
0.0016136406256526052
0.0015497411337399645
0.001439030034992188
0.0012880505317943499
0.001107603816467308
0.0008995516945540731
0.0006590601456197195
0.00039267177849849243
0.00014173134215192162
0.00005115665155514149
0.00014173134215192162
0.0002378818242418773
0.00032468508302710555
0.00039977962276987246
0.0004649102396122682
0.0005194049316104661
0.0005593651056689044
0.0005824290518130228
0.0005897001170182789
0.0005824290518130228
0.0005593651056689044
0.0005194049316104661
0.0004649102396122682
0.00039977962276987246
0.00032468508302710555
0.0002378818242418773
0.00014173134215192162
0.00005115665155514149