0.00023098154631895872
0.0006359972776990646
0.0010435045655738705
0.0013759730615573043
0.0016201883625729353
0.0017764338036059
0.001831919825253809
0.0017764338036059
0.0016201883625729353
0.0013759730615573043
0.0010435045655738705
0.0006359972776990646
0.00023098154631895872
0.0006359972776990646
0.0017511898404302124
0.0028732427916777423
0.0037886798113701274
0.00446111563619537
0.004891330416265439
0.00504410867617756
0.004891330416265439
0.00446111563619537
0.0037886798113701274
0.0028732427916777423
0.0017511898404302124
0.0006359972776990646
0.0010435045655738705
0.0028732427916777423
0.004714237114292521
0.0062162289357046
0.00731951959097151
0.0080253891016157
0.008276058117551591
0.0080253891016157
0.00731951959097151
0.0062162289357046
0.004714237114292521
0.0028732427916777423
0.0010435045655738705
0.0013759730615573043
0.0037886798113701274
0.0062162289357046
0.008196766782039596
0.009651574236456724
0.010582339145076844
0.010912873217158437
0.010582339145076844
0.009651574236456724
0.008196766782039596
0.0062162289357046
0.0037886798113701274
0.0013759730615573043
0.0016201883625729353
0.00446111563619537
0.00731951959097151
0.009651574236456724
0.011364588955482766
0.012460551162425126
0.01284975024777229
0.012460551162425126
0.011364588955482766
0.009651574236456724
0.00731951959097151
0.00446111563619537
0.0016201883625729353
0.0017764338036059
0.004891330416265439
0.0080253891016157
0.010582339145076844
0.012460551162425126
0.01366220422750156
0.014088936345516063
0.01366220422750156
0.012460551162425126
0.010582339145076844
0.0080253891016157
0.004891330416265439
0.0017764338036059
0.001831919825253809
0.00504410867617756
0.008276058117551591
0.010912873217158437
0.01284975024777229
0.014088936345516063
0.014528997227872898
0.014088936345516063
0.01284975024777229
0.010912873217158437
0.008276058117551591
0.00504410867617756
0.001831919825253809
0.0017764338036059
0.004891330416265439
0.0080253891016157
0.010582339145076844
0.012460551162425126
0.01366220422750156
0.014088936345516063
0.01366220422750156
0.012460551162425126
0.010582339145076844
0.0080253891016157
0.004891330416265439
0.0017764338036059
0.0016201883625729353
0.00446111563619537
0.00731951959097151
0.009651574236456724
0.011364588955482766
0.012460551162425126
0.01284975024777229
0.012460551162425126
0.011364588955482766
0.009651574236456724
0.00731951959097151
0.00446111563619537
0.0016201883625729353
0.0013759730615573043
0.0037886798113701274
0.0062162289357046
0.008196766782039596
0.009651574236456724
0.010582339145076844
0.010912873217158437
0.010582339145076844
0.009651574236456724
0.008196766782039596
0.0062162289357046
0.0037886798113701274
0.0013759730615573043
0.0010435045655738705
0.0028732427916777423
0.004714237114292521
0.0062162289357046
0.00731951959097151
0.0080253891016157
0.008276058117551591
0.0080253891016157
0.00731951959097151
0.0062162289357046
0.004714237114292521
0.0028732427916777423
0.0010435045655738705
0.0006359972776990646
0.0017511898404302124
0.0028732427916777423
0.0037886798113701274
0.00446111563619537
0.004891330416265439
0.00504410867617756
0.004891330416265439
0.00446111563619537
0.0037886798113701274
0.0028732427916777423
0.0017511898404302124
0.0006359972776990646
0.00023098154631895872
0.0006359972776990646
0.0010435045655738705
0.0013759730615573043
0.0016201883625729353
0.0017764338036059
0.001831919825253809
0.0017764338036059
0.0016201883625729353
0.0013759730615573043
0.0010435045655738705
0.0006359972776990646
0.00023098154631895872