3.559844672360064e-6
9.956812661634857e-6
0.000016917944187344836
0.000023550856660425726
0.000029842823575722292
0.000035993398369527625
0.00004198897469104643
0.00004764770815652411
0.00005289743325901899
0.00005778523772919138
0.00006230061278058953
0.00006635477001876561
0.00006990147082767441
0.0000729533375048765
0.00007549852228600171
0.00007749280379324476
0.00007891810729782177
0.00007978080917100085
0.00008007212893452045
0.00007978080917100085
0.00007891810729782177
0.00007749280379324476
0.00007549852228600171
0.0000729533375048765
0.00006990147082767441
0.00006635477001876561
0.00006230061278058953
0.00005778523772919138
0.00005289743325901899
0.00004764770815652411
0.00004198897469104643
0.000035993398369527625
0.000029842823575722292
0.000023550856660425726
0.000016917944187344836
9.956812661634857e-6
3.559844672360064e-6
9.956812661634857e-6
0.000027849001151268433
0.00004731914350119965
0.0000658712638811328
0.00008346976651672079
0.00010067279828346719
0.00011744230249678433
0.00013326966413853016
0.00014795303776336019
0.00016162412678982134
0.00017425353835737298
0.00018559293314466532
0.00019551298268934443
0.00020404899129924866
0.00021116782102001478
0.00021674578556334345
0.00022073233028290182
0.00022314528975857207
0.0002239601051724349
0.00022314528975857207
0.00022073233028290182
0.00021674578556334345
0.00021116782102001478
0.00020404899129924866
0.00019551298268934443
0.00018559293314466532
0.00017425353835737298
0.00016162412678982134
0.00014795303776336019
0.00013326966413853016
0.00011744230249678433
0.00010067279828346719
0.00008346976651672079
0.0000658712638811328
0.00004731914350119965
0.000027849001151268433
9.956812661634857e-6
0.000016917944187344836
0.00004731914350119965
0.00008040149553389426
0.00011192400658343698
0.0001418261947120658
0.0001710564254267962
0.00019955003537724798
0.0002264428202460167
0.0002513918178729358
0.00027462080981943243
0.000296079853720311
0.0003153469881587109
0.00033220246693850547
0.00034670627675723346
0.0003588021118389953
0.00036827981278908306
0.00037505348056388364
0.00037915341847805263
0.00038053789784541435
0.00037915341847805263
0.00037505348056388364
0.00036827981278908306
0.0003588021118389953
0.00034670627675723346
0.00033220246693850547
0.0003153469881587109
0.000296079853720311
0.00027462080981943243
0.0002513918178729358
0.0002264428202460167
0.00019955003537724798
0.0001710564254267962
0.0001418261947120658
0.00011192400658343698
0.00008040149553389426
0.00004731914350119965
0.000016917944187344836
0.000023550856660425726
0.0000658712638811328
0.00011192400658343698
0.00015580535121275621
0.00019743110305660028
0.00023812144734965764
0.00027778636858654976
0.00031522283927297055
0.00034995343422152187
0.0003822896716295722
0.000412162028541437
0.0004389831077689789
0.0004624470086005427
0.0004826372363426609
0.0004994754097663451
0.0005126689735985786
0.0005220983508954374
0.0005278057258024586
0.0005297330093286948
0.0005278057258024586
0.0005220983508954374
0.0005126689735985786
0.0004994754097663451
0.0004826372363426609
0.0004624470086005427
0.0004389831077689789
0.000412162028541437
0.0003822896716295722
0.00034995343422152187
0.00031522283927297055
0.00027778636858654976
0.00023812144734965764
0.00019743110305660028
0.00015580535121275621
0.00011192400658343698
0.0000658712638811328
0.000023550856660425726
0.000029842823575722292
0.00008346976651672079
0.0001418261947120658
0.00019743110305660028
0.00025017780294926483
0.0003017391870416581
0.00035200119082713286
0.000399439379853602
0.0004434487775869392
0.00048442412901407797
0.0005222773370721018
0.0005562640725458479
0.0005859967087302145
0.0006115810606350931
0.0006329178063028127
0.0006496362299023242
0.0006615848077038245
0.0006688169939842051
0.0006712591804015896
0.0006688169939842051
0.0006615848077038245
0.0006496362299023242
0.0006329178063028127
0.0006115810606350931
0.0005859967087302145
0.0005562640725458479
0.0005222773370721018
0.00048442412901407797
0.0004434487775869392
0.000399439379853602
0.00035200119082713286
0.0003017391870416581
0.00025017780294926483
0.00019743110305660028
0.0001418261947120658
0.00008346976651672079
0.000029842823575722292
0.000035993398369527625
0.00010067279828346719
0.0001710564254267962
0.00023812144734965764
0.0003017391870416581
0.00036392731858399377
0.0004245482688942398
0.0004817634191706939
0.0005348431078469237
0.0005842634364396984
0.0006299181511733757
0.0006709095173583596
0.0007067700188301689
0.0007376272789618015
0.0007633615056437664
0.0007835255788991291
0.0007979367461155103
0.0008066594784404816
0.0008096049969297268
0.0008066594784404816
0.0007979367461155103
0.0007835255788991291
0.0007633615056437664
0.0007376272789618015
0.0007067700188301689
0.0006709095173583596
0.0006299181511733757
0.0005842634364396984
0.0005348431078469237
0.0004817634191706939
0.0004245482688942398
0.00036392731858399377
0.0003017391870416581
0.00023812144734965764
0.0001710564254267962
0.00010067279828346719
0.000035993398369527625
0.00004198897469104643
0.00011744230249678433
0.00019955003537724798
0.00027778636858654976
0.00035200119082713286
0.0004245482688942398
0.0004952671135610183
0.0005620128393254505
0.0006239342417324466
0.0006815867285913152
0.0007348463469746205
0.0007826658226357427
0.0008244997632169915
0.0008604970508695818
0.0008905179391932995
0.0009140408294993349
0.0009308525272808191
0.0009410282429237209
0.0009444644091903002
0.0009410282429237209
0.0009308525272808191
0.0009140408294993349
0.0008905179391932995
0.0008604970508695818
0.0008244997632169915
0.0007826658226357427
0.0007348463469746205
0.0006815867285913152
0.0006239342417324466
0.0005620128393254505
0.0004952671135610183
0.0004245482688942398
0.00035200119082713286
0.00027778636858654976
0.00019955003537724798
0.00011744230249678433
0.00004198897469104643
0.00004764770815652411
0.00013326966413853016
0.0002264428202460167
0.00031522283927297055
0.000399439379853602
0.0004817634191706939
0.0005620128393254505
0.0006377536947599891
0.00070802006664071
0.0007734422134914396
0.0008338794776048857
0.0008881434465935122
0.0009356152271387454
0.000976463765811513
0.0010105304829907996
0.0010372234856312976
0.0010563008476150533
0.0010678479152156379
0.0010717471637362783
0.0010678479152156379
0.0010563008476150533
0.0010372234856312976
0.0010105304829907996
0.000976463765811513
0.0009356152271387454
0.0008881434465935122
0.0008338794776048857
0.0007734422134914396
0.00070802006664071
0.0006377536947599891
0.0005620128393254505
0.0004817634191706939
0.000399439379853602
0.00031522283927297055
0.0002264428202460167
0.00013326966413853016
0.00004764770815652411
0.00005289743325901899
0.00014795303776336019
0.0002513918178729358
0.00034995343422152187
0.0004434487775869392
0.0005348431078469237
0.0006239342417324466
0.00070802006664071
0.0007860282408157128
0.0008586584633508626
0.0009257545791660568
0.0009859972390756564
0.0010386993613861171
0.0010840485068491675
0.0011218686238719093
0.001151502605867856
0.0011726818718039802
0.001185501171228263
0.0011898300308179693
0.001185501171228263
0.0011726818718039802
0.001151502605867856
0.0011218686238719093
0.0010840485068491675
0.0010386993613861171
0.0009859972390756564
0.0009257545791660568
0.0008586584633508626
0.0007860282408157128
0.00070802006664071
0.0006239342417324466
0.0005348431078469237
0.0004434487775869392
0.00034995343422152187
0.0002513918178729358
0.00014795303776336019
0.00005289743325901899
0.00005778523772919138
0.00016162412678982134
0.00027462080981943243
0.0003822896716295722
0.00048442412901407797
0.0005842634364396984
0.0006815867285913152
0.0007734422134914396
0.0008586584633508626
0.0009379998305390733
0.0010112957310055729
0.0010771049056638065
0.001134676785411368
0.0011842162619029092
0.0012255310161066466
0.0012579032237733843
0.0012810394865681396
0.0012950433090433552
0.0012997721619399146
0.0012950433090433552
0.0012810394865681396
0.0012579032237733843
0.0012255310161066466
0.0011842162619029092
0.001134676785411368
0.0010771049056638065
0.0010112957310055729
0.0009379998305390733
0.0008586584633508626
0.0007734422134914396
0.0006815867285913152
0.0005842634364396984
0.00048442412901407797
0.0003822896716295722
0.00027462080981943243
0.00016162412678982134
0.00005778523772919138
0.00006230061278058953
0.00017425353835737298
0.000296079853720311
0.000412162028541437
0.0005222773370721018
0.0006299181511733757
0.0007348463469746205
0.0008338794776048857
0.0009257545791660568
0.0010112957310055729
0.0010903190195272574
0.0011612705647472857
0.0012233411476185155
0.0012767516701591797
0.001321294785406623
0.0013561965778704692
0.0013811407228841337
0.0013962388129112994
0.0014013371813663296
0.0013962388129112994
0.0013811407228841337
0.0013561965778704692
0.001321294785406623
0.0012767516701591797
0.0012233411476185155
0.0011612705647472857
0.0010903190195272574
0.0010112957310055729
0.0009257545791660568
0.0008338794776048857
0.0007348463469746205
0.0006299181511733757
0.0005222773370721018
0.000412162028541437
0.000296079853720311
0.00017425353835737298
0.00006230061278058953
0.00006635477001876561
0.00018559293314466532
0.0003153469881587109
0.0004389831077689789
0.0005562640725458479
0.0006709095173583596
0.0007826658226357427
0.0008881434465935122
0.0009859972390756564
0.0010771049056638065
0.0011612705647472857
0.0012368392189775672
0.0013029489900942069
0.0013598351551187679
0.0014072768741685096
0.0014444498698874657
0.0014710172330613335
0.001487097817934607
0.0014925279582045892
0.001487097817934607
0.0014710172330613335
0.0014444498698874657
0.0014072768741685096
0.0013598351551187679
0.0013029489900942069
0.0012368392189775672
0.0011612705647472857
0.0010771049056638065
0.0009859972390756564
0.0008881434465935122
0.0007826658226357427
0.0006709095173583596
0.0005562640725458479
0.0004389831077689789
0.0003153469881587109
0.00018559293314466532
0.00006635477001876561
0.00006990147082767441
0.00019551298268934443
0.00033220246693850547
0.0004624470086005427
0.0005859967087302145
0.0007067700188301689
0.0008244997632169915
0.0009356152271387454
0.0010386993613861171
0.001134676785411368
0.0012233411476185155
0.0013029489900942069
0.0013725923666868338
0.001432519130110745
0.0014824966364638285
0.0015216565502890293
0.0015496439543798153
0.0015665840558087428
0.0015723044402146417
0.0015665840558087428
0.0015496439543798153
0.0015216565502890293
0.0014824966364638285
0.001432519130110745
0.0013725923666868338
0.0013029489900942069
0.0012233411476185155
0.001134676785411368
0.0010386993613861171
0.0009356152271387454
0.0008244997632169915
0.0007067700188301689
0.0005859967087302145
0.0004624470086005427
0.00033220246693850547
0.00019551298268934443
0.00006990147082767441
0.0000729533375048765
0.00020404899129924866
0.00034670627675723346
0.0004826372363426609
0.0006115810606350931
0.0007376272789618015
0.0008604970508695818
0.000976463765811513
0.0010840485068491675
0.0011842162619029092
0.0012767516701591797
0.0013598351551187679
0.001432519130110745
0.0014950622689871398
0.0015472217707180407
0.001588091388712126
0.0016173007102377628
0.001634980408851803
0.0016409505426598593
0.001634980408851803
0.0016173007102377628
0.001588091388712126
0.0015472217707180407
0.0014950622689871398
0.001432519130110745
0.0013598351551187679
0.0012767516701591797
0.0011842162619029092
0.0010840485068491675
0.000976463765811513
0.0008604970508695818
0.0007376272789618015
0.0006115810606350931
0.0004826372363426609
0.00034670627675723346
0.00020404899129924866
0.0000729533375048765
0.00007549852228600171
0.00021116782102001478
0.0003588021118389953
0.0004994754097663451
0.0006329178063028127
0.0007633615056437664
0.0008905179391932995
0.0010105304829907996
0.0011218686238719093
0.0012255310161066466
0.001321294785406623
0.0014072768741685096
0.0014824966364638285
0.0015472217707180407
0.0016012010050963708
0.0016434964760162665
0.0016737248478438731
0.001692021353054929
0.0016981997719700038
0.001692021353054929
0.0016737248478438731
0.0016434964760162665
0.0016012010050963708
0.0015472217707180407
0.0014824966364638285
0.0014072768741685096
0.001321294785406623
0.0012255310161066466
0.0011218686238719093
0.0010105304829907996
0.0008905179391932995
0.0007633615056437664
0.0006329178063028127
0.0004994754097663451
0.0003588021118389953
0.00021116782102001478
0.00007549852228600171
0.00007749280379324476
0.00021674578556334345
0.00036827981278908306
0.0005126689735985786
0.0006496362299023242
0.0007835255788991291
0.0009140408294993349
0.0010372234856312976
0.001151502605867856
0.0012579032237733843
0.0013561965778704692
0.0014444498698874657
0.0015216565502890293
0.001588091388712126
0.0016434964760162665
0.0016869091751009222
0.0017179360245821904
0.0017367158290802361
0.0017430574499522928
0.0017367158290802361
0.0017179360245821904
0.0016869091751009222
0.0016434964760162665
0.001588091388712126
0.0015216565502890293
0.0014444498698874657
0.0013561965778704692
0.0012579032237733843
0.001151502605867856
0.0010372234856312976
0.0009140408294993349
0.0007835255788991291
0.0006496362299023242
0.0005126689735985786
0.00036827981278908306
0.00021674578556334345
0.00007749280379324476
0.00007891810729782177
0.00022073233028290182
0.00037505348056388364
0.0005220983508954374
0.0006615848077038245
0.0007979367461155103
0.0009308525272808191
0.0010563008476150533
0.0011726818718039802
0.0012810394865681396
0.0013811407228841337
0.0014710172330613335
0.0015496439543798153
0.0016173007102377628
0.0016737248478438731
0.0017179360245821904
0.001749533542243431
0.0017686587584423844
0.0017751170189765932
0.0017686587584423844
0.001749533542243431
0.0017179360245821904
0.0016737248478438731
0.0016173007102377628
0.0015496439543798153
0.0014710172330613335
0.0013811407228841337
0.0012810394865681396
0.0011726818718039802
0.0010563008476150533
0.0009308525272808191
0.0007979367461155103
0.0006615848077038245
0.0005220983508954374
0.00037505348056388364
0.00022073233028290182
0.00007891810729782177
0.00007978080917100085
0.00022314528975857207
0.00037915341847805263
0.0005278057258024586
0.0006688169939842051
0.0008066594784404816
0.0009410282429237209
0.0010678479152156379
0.001185501171228263
0.0012950433090433552
0.0013962388129112994
0.001487097817934607
0.0015665840558087428
0.001634980408851803
0.001692021353054929
0.0017367158290802361
0.0017686587584423844
0.0017879930440223041
0.0017945219037339526
0.0017879930440223041
0.0017686587584423844
0.0017367158290802361
0.001692021353054929
0.001634980408851803
0.0015665840558087428
0.001487097817934607
0.0013962388129112994
0.0012950433090433552
0.001185501171228263
0.0010678479152156379
0.0009410282429237209
0.0008066594784404816
0.0006688169939842051
0.0005278057258024586
0.00037915341847805263
0.00022314528975857207
0.00007978080917100085
0.00008007212893452045
0.0002239601051724349
0.00038053789784541435
0.0005297330093286948
0.0006712591804015896
0.0008096049969297268
0.0009444644091903002
0.0010717471637362783
0.0011898300308179693
0.0012997721619399146
0.0014013371813663296
0.0014925279582045892
0.0015723044402146417
0.0016409505426598593
0.0016981997719700038
0.0017430574499522928
0.0017751170189765932
0.0017945219037339526
0.0018010746035881996
0.0017945219037339526
0.0017751170189765932
0.0017430574499522928
0.0016981997719700038
0.0016409505426598593
0.0015723044402146417
0.0014925279582045892
0.0014013371813663296
0.0012997721619399146
0.0011898300308179693
0.0010717471637362783
0.0009444644091903002
0.0008096049969297268
0.0006712591804015896
0.0005297330093286948
0.00038053789784541435
0.0002239601051724349
0.00008007212893452045
0.00007978080917100085
0.00022314528975857207
0.00037915341847805263
0.0005278057258024586
0.0006688169939842051
0.0008066594784404816
0.0009410282429237209
0.0010678479152156379
0.001185501171228263
0.0012950433090433552
0.0013962388129112994
0.001487097817934607
0.0015665840558087428
0.001634980408851803
0.001692021353054929
0.0017367158290802361
0.0017686587584423844
0.0017879930440223041
0.0017945219037339526
0.0017879930440223041
0.0017686587584423844
0.0017367158290802361
0.001692021353054929
0.001634980408851803
0.0015665840558087428
0.001487097817934607
0.0013962388129112994
0.0012950433090433552
0.001185501171228263
0.0010678479152156379
0.0009410282429237209
0.0008066594784404816
0.0006688169939842051
0.0005278057258024586
0.00037915341847805263
0.00022314528975857207
0.00007978080917100085
0.00007891810729782177
0.00022073233028290182
0.00037505348056388364
0.0005220983508954374
0.0006615848077038245
0.0007979367461155103
0.0009308525272808191
0.0010563008476150533
0.0011726818718039802
0.0012810394865681396
0.0013811407228841337
0.0014710172330613335
0.0015496439543798153
0.0016173007102377628
0.0016737248478438731
0.0017179360245821904
0.001749533542243431
0.0017686587584423844
0.0017751170189765932
0.0017686587584423844
0.001749533542243431
0.0017179360245821904
0.0016737248478438731
0.0016173007102377628
0.0015496439543798153
0.0014710172330613335
0.0013811407228841337
0.0012810394865681396
0.0011726818718039802
0.0010563008476150533
0.0009308525272808191
0.0007979367461155103
0.0006615848077038245
0.0005220983508954374
0.00037505348056388364
0.00022073233028290182
0.00007891810729782177
0.00007749280379324476
0.00021674578556334345
0.00036827981278908306
0.0005126689735985786
0.0006496362299023242
0.0007835255788991291
0.0009140408294993349
0.0010372234856312976
0.001151502605867856
0.0012579032237733843
0.0013561965778704692
0.0014444498698874657
0.0015216565502890293
0.001588091388712126
0.0016434964760162665
0.0016869091751009222
0.0017179360245821904
0.0017367158290802361
0.0017430574499522928
0.0017367158290802361
0.0017179360245821904
0.0016869091751009222
0.0016434964760162665
0.001588091388712126
0.0015216565502890293
0.0014444498698874657
0.0013561965778704692
0.0012579032237733843
0.001151502605867856
0.0010372234856312976
0.0009140408294993349
0.0007835255788991291
0.0006496362299023242
0.0005126689735985786
0.00036827981278908306
0.00021674578556334345
0.00007749280379324476
0.00007549852228600171
0.00021116782102001478
0.0003588021118389953
0.0004994754097663451
0.0006329178063028127
0.0007633615056437664
0.0008905179391932995
0.0010105304829907996
0.0011218686238719093
0.0012255310161066466
0.001321294785406623
0.0014072768741685096
0.0014824966364638285
0.0015472217707180407
0.0016012010050963708
0.0016434964760162665
0.0016737248478438731
0.001692021353054929
0.0016981997719700038
0.001692021353054929
0.0016737248478438731
0.0016434964760162665
0.0016012010050963708
0.0015472217707180407
0.0014824966364638285
0.0014072768741685096
0.001321294785406623
0.0012255310161066466
0.0011218686238719093
0.0010105304829907996
0.0008905179391932995
0.0007633615056437664
0.0006329178063028127
0.0004994754097663451
0.0003588021118389953
0.00021116782102001478
0.00007549852228600171
0.0000729533375048765
0.00020404899129924866
0.00034670627675723346
0.0004826372363426609
0.0006115810606350931
0.0007376272789618015
0.0008604970508695818
0.000976463765811513
0.0010840485068491675
0.0011842162619029092
0.0012767516701591797
0.0013598351551187679
0.001432519130110745
0.0014950622689871398
0.0015472217707180407
0.001588091388712126
0.0016173007102377628
0.001634980408851803
0.0016409505426598593
0.001634980408851803
0.0016173007102377628
0.001588091388712126
0.0015472217707180407
0.0014950622689871398
0.001432519130110745
0.0013598351551187679
0.0012767516701591797
0.0011842162619029092
0.0010840485068491675
0.000976463765811513
0.0008604970508695818
0.0007376272789618015
0.0006115810606350931
0.0004826372363426609
0.00034670627675723346
0.00020404899129924866
0.0000729533375048765
0.00006990147082767441
0.00019551298268934443
0.00033220246693850547
0.0004624470086005427
0.0005859967087302145
0.0007067700188301689
0.0008244997632169915
0.0009356152271387454
0.0010386993613861171
0.001134676785411368
0.0012233411476185155
0.0013029489900942069
0.0013725923666868338
0.001432519130110745
0.0014824966364638285
0.0015216565502890293
0.0015496439543798153
0.0015665840558087428
0.0015723044402146417
0.0015665840558087428
0.0015496439543798153
0.0015216565502890293
0.0014824966364638285
0.001432519130110745
0.0013725923666868338
0.0013029489900942069
0.0012233411476185155
0.001134676785411368
0.0010386993613861171
0.0009356152271387454
0.0008244997632169915
0.0007067700188301689
0.0005859967087302145
0.0004624470086005427
0.00033220246693850547
0.00019551298268934443
0.00006990147082767441
0.00006635477001876561
0.00018559293314466532
0.0003153469881587109
0.0004389831077689789
0.0005562640725458479
0.0006709095173583596
0.0007826658226357427
0.0008881434465935122
0.0009859972390756564
0.0010771049056638065
0.0011612705647472857
0.0012368392189775672
0.0013029489900942069
0.0013598351551187679
0.0014072768741685096
0.0014444498698874657
0.0014710172330613335
0.001487097817934607
0.0014925279582045892
0.001487097817934607
0.0014710172330613335
0.0014444498698874657
0.0014072768741685096
0.0013598351551187679
0.0013029489900942069
0.0012368392189775672
0.0011612705647472857
0.0010771049056638065
0.0009859972390756564
0.0008881434465935122
0.0007826658226357427
0.0006709095173583596
0.0005562640725458479
0.0004389831077689789
0.0003153469881587109
0.00018559293314466532
0.00006635477001876561
0.00006230061278058953
0.00017425353835737298
0.000296079853720311
0.000412162028541437
0.0005222773370721018
0.0006299181511733757
0.0007348463469746205
0.0008338794776048857
0.0009257545791660568
0.0010112957310055729
0.0010903190195272574
0.0011612705647472857
0.0012233411476185155
0.0012767516701591797
0.001321294785406623
0.0013561965778704692
0.0013811407228841337
0.0013962388129112994
0.0014013371813663296
0.0013962388129112994
0.0013811407228841337
0.0013561965778704692
0.001321294785406623
0.0012767516701591797
0.0012233411476185155
0.0011612705647472857
0.0010903190195272574
0.0010112957310055729
0.0009257545791660568
0.0008338794776048857
0.0007348463469746205
0.0006299181511733757
0.0005222773370721018
0.000412162028541437
0.000296079853720311
0.00017425353835737298
0.00006230061278058953
0.00005778523772919138
0.00016162412678982134
0.00027462080981943243
0.0003822896716295722
0.00048442412901407797
0.0005842634364396984
0.0006815867285913152
0.0007734422134914396
0.0008586584633508626
0.0009379998305390733
0.0010112957310055729
0.0010771049056638065
0.001134676785411368
0.0011842162619029092
0.0012255310161066466
0.0012579032237733843
0.0012810394865681396
0.0012950433090433552
0.0012997721619399146
0.0012950433090433552
0.0012810394865681396
0.0012579032237733843
0.0012255310161066466
0.0011842162619029092
0.001134676785411368
0.0010771049056638065
0.0010112957310055729
0.0009379998305390733
0.0008586584633508626
0.0007734422134914396
0.0006815867285913152
0.0005842634364396984
0.00048442412901407797
0.0003822896716295722
0.00027462080981943243
0.00016162412678982134
0.00005778523772919138
0.00005289743325901899
0.00014795303776336019
0.0002513918178729358
0.00034995343422152187
0.0004434487775869392
0.0005348431078469237
0.0006239342417324466
0.00070802006664071
0.0007860282408157128
0.0008586584633508626
0.0009257545791660568
0.0009859972390756564
0.0010386993613861171
0.0010840485068491675
0.0011218686238719093
0.001151502605867856
0.0011726818718039802
0.001185501171228263
0.0011898300308179693
0.001185501171228263
0.0011726818718039802
0.001151502605867856
0.0011218686238719093
0.0010840485068491675
0.0010386993613861171
0.0009859972390756564
0.0009257545791660568
0.0008586584633508626
0.0007860282408157128
0.00070802006664071
0.0006239342417324466
0.0005348431078469237
0.0004434487775869392
0.00034995343422152187
0.0002513918178729358
0.00014795303776336019
0.00005289743325901899
0.00004764770815652411
0.00013326966413853016
0.0002264428202460167
0.00031522283927297055
0.000399439379853602
0.0004817634191706939
0.0005620128393254505
0.0006377536947599891
0.00070802006664071
0.0007734422134914396
0.0008338794776048857
0.0008881434465935122
0.0009356152271387454
0.000976463765811513
0.0010105304829907996
0.0010372234856312976
0.0010563008476150533
0.0010678479152156379
0.0010717471637362783
0.0010678479152156379
0.0010563008476150533
0.0010372234856312976
0.0010105304829907996
0.000976463765811513
0.0009356152271387454
0.0008881434465935122
0.0008338794776048857
0.0007734422134914396
0.00070802006664071
0.0006377536947599891
0.0005620128393254505
0.0004817634191706939
0.000399439379853602
0.00031522283927297055
0.0002264428202460167
0.00013326966413853016
0.00004764770815652411
0.00004198897469104643
0.00011744230249678433
0.00019955003537724798
0.00027778636858654976
0.00035200119082713286
0.0004245482688942398
0.0004952671135610183
0.0005620128393254505
0.0006239342417324466
0.0006815867285913152
0.0007348463469746205
0.0007826658226357427
0.0008244997632169915
0.0008604970508695818
0.0008905179391932995
0.0009140408294993349
0.0009308525272808191
0.0009410282429237209
0.0009444644091903002
0.0009410282429237209
0.0009308525272808191
0.0009140408294993349
0.0008905179391932995
0.0008604970508695818
0.0008244997632169915
0.0007826658226357427
0.0007348463469746205
0.0006815867285913152
0.0006239342417324466
0.0005620128393254505
0.0004952671135610183
0.0004245482688942398
0.00035200119082713286
0.00027778636858654976
0.00019955003537724798
0.00011744230249678433
0.00004198897469104643
0.000035993398369527625
0.00010067279828346719
0.0001710564254267962
0.00023812144734965764
0.0003017391870416581
0.00036392731858399377
0.0004245482688942398
0.0004817634191706939
0.0005348431078469237
0.0005842634364396984
0.0006299181511733757
0.0006709095173583596
0.0007067700188301689
0.0007376272789618015
0.0007633615056437664
0.0007835255788991291
0.0007979367461155103
0.0008066594784404816
0.0008096049969297268
0.0008066594784404816
0.0007979367461155103
0.0007835255788991291
0.0007633615056437664
0.0007376272789618015
0.0007067700188301689
0.0006709095173583596
0.0006299181511733757
0.0005842634364396984
0.0005348431078469237
0.0004817634191706939
0.0004245482688942398
0.00036392731858399377
0.0003017391870416581
0.00023812144734965764
0.0001710564254267962
0.00010067279828346719
0.000035993398369527625
0.000029842823575722292
0.00008346976651672079
0.0001418261947120658
0.00019743110305660028
0.00025017780294926483
0.0003017391870416581
0.00035200119082713286
0.000399439379853602
0.0004434487775869392
0.00048442412901407797
0.0005222773370721018
0.0005562640725458479
0.0005859967087302145
0.0006115810606350931
0.0006329178063028127
0.0006496362299023242
0.0006615848077038245
0.0006688169939842051
0.0006712591804015896
0.0006688169939842051
0.0006615848077038245
0.0006496362299023242
0.0006329178063028127
0.0006115810606350931
0.0005859967087302145
0.0005562640725458479
0.0005222773370721018
0.00048442412901407797
0.0004434487775869392
0.000399439379853602
0.00035200119082713286
0.0003017391870416581
0.00025017780294926483
0.00019743110305660028
0.0001418261947120658
0.00008346976651672079
0.000029842823575722292
0.000023550856660425726
0.0000658712638811328
0.00011192400658343698
0.00015580535121275621
0.00019743110305660028
0.00023812144734965764
0.00027778636858654976
0.00031522283927297055
0.00034995343422152187
0.0003822896716295722
0.000412162028541437
0.0004389831077689789
0.0004624470086005427
0.0004826372363426609
0.0004994754097663451
0.0005126689735985786
0.0005220983508954374
0.0005278057258024586
0.0005297330093286948
0.0005278057258024586
0.0005220983508954374
0.0005126689735985786
0.0004994754097663451
0.0004826372363426609
0.0004624470086005427
0.0004389831077689789
0.000412162028541437
0.0003822896716295722
0.00034995343422152187
0.00031522283927297055
0.00027778636858654976
0.00023812144734965764
0.00019743110305660028
0.00015580535121275621
0.00011192400658343698
0.0000658712638811328
0.000023550856660425726
0.000016917944187344836
0.00004731914350119965
0.00008040149553389426
0.00011192400658343698
0.0001418261947120658
0.0001710564254267962
0.00019955003537724798
0.0002264428202460167
0.0002513918178729358
0.00027462080981943243
0.000296079853720311
0.0003153469881587109
0.00033220246693850547
0.00034670627675723346
0.0003588021118389953
0.00036827981278908306
0.00037505348056388364
0.00037915341847805263
0.00038053789784541435
0.00037915341847805263
0.00037505348056388364
0.00036827981278908306
0.0003588021118389953
0.00034670627675723346
0.00033220246693850547
0.0003153469881587109
0.000296079853720311
0.00027462080981943243
0.0002513918178729358
0.0002264428202460167
0.00019955003537724798
0.0001710564254267962
0.0001418261947120658
0.00011192400658343698
0.00008040149553389426
0.00004731914350119965
0.000016917944187344836
9.956812661634857e-6
0.000027849001151268433
0.00004731914350119965
0.0000658712638811328
0.00008346976651672079
0.00010067279828346719
0.00011744230249678433
0.00013326966413853016
0.00014795303776336019
0.00016162412678982134
0.00017425353835737298
0.00018559293314466532
0.00019551298268934443
0.00020404899129924866
0.00021116782102001478
0.00021674578556334345
0.00022073233028290182
0.00022314528975857207
0.0002239601051724349
0.00022314528975857207
0.00022073233028290182
0.00021674578556334345
0.00021116782102001478
0.00020404899129924866
0.00019551298268934443
0.00018559293314466532
0.00017425353835737298
0.00016162412678982134
0.00014795303776336019
0.00013326966413853016
0.00011744230249678433
0.00010067279828346719
0.00008346976651672079
0.0000658712638811328
0.00004731914350119965
0.000027849001151268433
9.956812661634857e-6
3.559844672360064e-6
9.956812661634857e-6
0.000016917944187344836
0.000023550856660425726
0.000029842823575722292
0.000035993398369527625
0.00004198897469104643
0.00004764770815652411
0.00005289743325901899
0.00005778523772919138
0.00006230061278058953
0.00006635477001876561
0.00006990147082767441
0.0000729533375048765
0.00007549852228600171
0.00007749280379324476
0.00007891810729782177
0.00007978080917100085
0.00008007212893452045
0.00007978080917100085
0.00007891810729782177
0.00007749280379324476
0.00007549852228600171
0.0000729533375048765
0.00006990147082767441
0.00006635477001876561
0.00006230061278058953
0.00005778523772919138
0.00005289743325901899
0.00004764770815652411
0.00004198897469104643
0.000035993398369527625
0.000029842823575722292
0.000023550856660425726
0.000016917944187344836
9.956812661634857e-6
3.559844672360064e-6