0.00007940933680758345
0.00022028196221803888
0.0003675077871820213
0.0004974511043105267
0.0006071333414043777
0.0006979806988294311
0.0007666770859747183
0.0008082451952872438
0.0008218186363272906
0.0008082451952872438
0.0007666770859747183
0.0006979806988294311
0.0006071333414043777
0.0004974511043105267
0.0003675077871820213
0.00022028196221803888
0.00007940933680758345
0.00022028196221803888
0.0006110634445444146
0.0010194687393880113
0.0013799322569658904
0.0016841914206715658
0.0019362025186159472
0.0021267666961549392
0.00224207687318418
0.0022797296775842143
0.00224207687318418
0.0021267666961549392
0.0019362025186159472
0.0016841914206715658
0.0013799322569658904
0.0010194687393880113
0.0006110634445444146
0.00022028196221803888
0.0003675077871820213
0.0010194687393880113
0.0017008324092504913
0.002302212333285169
0.0028098236277253655
0.003230266772585217
0.003548194843037922
0.003740572773454383
0.003803390893862069
0.003740572773454383
0.003548194843037922
0.003230266772585217
0.0028098236277253655
0.002302212333285169
0.0017008324092504913
0.0010194687393880113
0.0003675077871820213
0.0004974511043105267
0.0013799322569658904
0.002302212333285169
0.0031162280297010463
0.0038033204064802798
0.004372423739811105
0.004802764742788769
0.005063163616685948
0.005148192953362391
0.005063163616685948
0.004802764742788769
0.004372423739811105
0.0038033204064802798
0.0031162280297010463
0.002302212333285169
0.0013799322569658904
0.0004974511043105267
0.0006071333414043777
0.0016841914206715658
0.0028098236277253655
0.0038033204064802798
0.00464190873597175
0.0053364927973508286
0.005861719033290681
0.0061795328586841435
0.006283310184428186
0.0061795328586841435
0.005861719033290681
0.0053364927973508286
0.00464190873597175
0.0038033204064802798
0.0028098236277253655
0.0016841914206715658
0.0006071333414043777
0.0006979806988294311
0.0019362025186159472
0.003230266772585217
0.004372423739811105
0.0053364927973508286
0.006135009754821381
0.006738827318780003
0.007104196671470579
0.007223502539565264
0.007104196671470579
0.006738827318780003
0.006135009754821381
0.0053364927973508286
0.004372423739811105
0.003230266772585217
0.0019362025186159472
0.0006979806988294311
0.0007666770859747183
0.0021267666961549392
0.003548194843037922
0.004802764742788769
0.005861719033290681
0.006738827318780003
0.007402073582140185
0.007803403176346821
0.007934451320577626
0.007803403176346821
0.007402073582140185
0.006738827318780003
0.005861719033290681
0.004802764742788769
0.003548194843037922
0.0021267666961549392
0.0007666770859747183
0.0008082451952872438
0.00224207687318418
0.003740572773454383
0.005063163616685948
0.0061795328586841435
0.007104196671470579
0.007803403176346821
0.008226492273670893
0.008364645656448986
0.008226492273670893
0.007803403176346821
0.007104196671470579
0.0061795328586841435
0.005063163616685948
0.003740572773454383
0.00224207687318418
0.0008082451952872438
0.0008218186363272906
0.0022797296775842143
0.003803390893862069
0.005148192953362391
0.006283310184428186
0.007223502539565264
0.007934451320577626
0.008364645656448986
0.008505119148033854
0.008364645656448986
0.007934451320577626
0.007223502539565264
0.006283310184428186
0.005148192953362391
0.003803390893862069
0.0022797296775842143
0.0008218186363272906
0.0008082451952872438
0.00224207687318418
0.003740572773454383
0.005063163616685948
0.0061795328586841435
0.007104196671470579
0.007803403176346821
0.008226492273670893
0.008364645656448986
0.008226492273670893
0.007803403176346821
0.007104196671470579
0.0061795328586841435
0.005063163616685948
0.003740572773454383
0.00224207687318418
0.0008082451952872438
0.0007666770859747183
0.0021267666961549392
0.003548194843037922
0.004802764742788769
0.005861719033290681
0.006738827318780003
0.007402073582140185
0.007803403176346821
0.007934451320577626
0.007803403176346821
0.007402073582140185
0.006738827318780003
0.005861719033290681
0.004802764742788769
0.003548194843037922
0.0021267666961549392
0.0007666770859747183
0.0006979806988294311
0.0019362025186159472
0.003230266772585217
0.004372423739811105
0.0053364927973508286
0.006135009754821381
0.006738827318780003
0.007104196671470579
0.007223502539565264
0.007104196671470579
0.006738827318780003
0.006135009754821381
0.0053364927973508286
0.004372423739811105
0.003230266772585217
0.0019362025186159472
0.0006979806988294311
0.0006071333414043777
0.0016841914206715658
0.0028098236277253655
0.0038033204064802798
0.00464190873597175
0.0053364927973508286
0.005861719033290681
0.0061795328586841435
0.006283310184428186
0.0061795328586841435
0.005861719033290681
0.0053364927973508286
0.00464190873597175
0.0038033204064802798
0.0028098236277253655
0.0016841914206715658
0.0006071333414043777
0.0004974511043105267
0.0013799322569658904
0.002302212333285169
0.0031162280297010463
0.0038033204064802798
0.004372423739811105
0.004802764742788769
0.005063163616685948
0.005148192953362391
0.005063163616685948
0.004802764742788769
0.004372423739811105
0.0038033204064802798
0.0031162280297010463
0.002302212333285169
0.0013799322569658904
0.0004974511043105267
0.0003675077871820213
0.0010194687393880113
0.0017008324092504913
0.002302212333285169
0.0028098236277253655
0.003230266772585217
0.003548194843037922
0.003740572773454383
0.003803390893862069
0.003740572773454383
0.003548194843037922
0.003230266772585217
0.0028098236277253655
0.002302212333285169
0.0017008324092504913
0.0010194687393880113
0.0003675077871820213
0.00022028196221803888
0.0006110634445444146
0.0010194687393880113
0.0013799322569658904
0.0016841914206715658
0.0019362025186159472
0.0021267666961549392
0.00224207687318418
0.0022797296775842143
0.00224207687318418
0.0021267666961549392
0.0019362025186159472
0.0016841914206715658
0.0013799322569658904
0.0010194687393880113
0.0006110634445444146
0.00022028196221803888
0.00007940933680758345
0.00022028196221803888
0.0003675077871820213
0.0004974511043105267
0.0006071333414043777
0.0006979806988294311
0.0007666770859747183
0.0008082451952872438
0.0008218186363272906
0.0008082451952872438
0.0007666770859747183
0.0006979806988294311
0.0006071333414043777
0.0004974511043105267
0.0003675077871820213
0.00022028196221803888
0.00007940933680758345