2.8868611561207496e-6
8.069938668438884e-6
0.000013722943857769942
0.00001912199867231523
0.000024249422951317474
0.000029277087972737047
0.00003421092628327508
0.00003889693682105828
0.00004326377801881601
0.00004736362896710638
0.00005120796848578275
0.000054712263562671254
0.00005781938885534602
0.00006055629898423757
0.00006293725724801827
0.00006490715591245129
0.00006642277361533809
0.00006750914014486947
0.00006818922309313136
0.00006842657327574018
0.00006818922309313136
0.00006750914014486947
0.00006642277361533809
0.00006490715591245129
0.00006293725724801827
0.00006055629898423757
0.00005781938885534602
0.000054712263562671254
0.00005120796848578275
0.00004736362896710638
0.00004326377801881601
0.00003889693682105828
0.00003421092628327508
0.000029277087972737047
0.000024249422951317474
0.00001912199867231523
0.000013722943857769942
8.069938668438884e-6
2.8868611561207496e-6
8.069938668438884e-6
0.00002255872610093798
0.00003836115050002822
0.0000534536814063181
0.00006778689565560146
0.00008184124263459916
0.00009563330619872943
0.00010873259140660697
0.00012093966986827825
0.00013240040313987879
0.00014314687914223094
0.0001529427940883461
0.00016162845965763675
0.0001692792248613444
0.00017593496135912676
0.00018144162085721494
0.0001856783822550274
0.0001887152138831005
0.0001906163194039837
0.00019127980867936326
0.0001906163194039837
0.0001887152138831005
0.0001856783822550274
0.00018144162085721494
0.00017593496135912676
0.0001692792248613444
0.00016162845965763675
0.0001529427940883461
0.00014314687914223094
0.00013240040313987879
0.00012093966986827825
0.00010873259140660697
0.00009563330619872943
0.00008184124263459916
0.00006778689565560146
0.0000534536814063181
0.00003836115050002822
0.00002255872610093798
8.069938668438884e-6
0.000013722943857769942
0.00003836115050002822
0.000065233198944892
0.00009089807234829044
0.0001152717265389429
0.00013917116648198694
0.00016262459305058907
0.0001848999488953187
0.0002056581057140388
0.00022514710132067763
0.0002434215012768893
0.0002600794706077805
0.00027484945906393793
0.00028785959776177894
0.0002991776885235327
0.000308541771974583
0.0003157463916364812
0.00032091052876933614
0.00032414336180595
0.00032527162640006335
0.00032414336180595
0.00032091052876933614
0.0003157463916364812
0.000308541771974583
0.0002991776885235327
0.00028785959776177894
0.00027484945906393793
0.0002600794706077805
0.0002434215012768893
0.00022514710132067763
0.0002056581057140388
0.0001848999488953187
0.00016262459305058907
0.00013917116648198694
0.0001152717265389429
0.00009089807234829044
0.000065233198944892
0.00003836115050002822
0.000013722943857769942
0.00001912199867231523
0.0000534536814063181
0.00009089807234829044
0.000126660346116324
0.00016062339281415307
0.00019392565387391897
0.0002266064253143796
0.00025764563448866303
0.0002865707289320489
0.00031372733264458974
0.0003391914790640318
0.0003624032381975078
0.000382984223048571
0.0004011129757043572
0.0004168839734408858
0.00042993219350024643
0.0004399713461075312
0.00044716722364092164
0.00045167195889850607
0.0004532441196749593
0.00045167195889850607
0.00044716722364092164
0.0004399713461075312
0.00042993219350024643
0.0004168839734408858
0.0004011129757043572
0.000382984223048571
0.0003624032381975078
0.0003391914790640318
0.00031372733264458974
0.0002865707289320489
0.00025764563448866303
0.0002266064253143796
0.00019392565387391897
0.00016062339281415307
0.000126660346116324
0.00009089807234829044
0.0000534536814063181
0.00001912199867231523
0.000024249422951317474
0.00006778689565560146
0.0001152717265389429
0.00016062339281415307
0.00020369338242164038
0.0002459254015485237
0.00028736928315397693
0.0003267314295613681
0.00036341257681403346
0.0003978510254632399
0.0004301431967577254
0.0004595790195667024
0.0004856786451843243
0.0005086684904543404
0.000528668366044283
0.0005452153710097942
0.000557946449063854
0.0005670718485999235
0.0005727844957147374
0.0005747782199205068
0.0005727844957147374
0.0005670718485999235
0.000557946449063854
0.0005452153710097942
0.000528668366044283
0.0005086684904543404
0.0004856786451843243
0.0004595790195667024
0.0004301431967577254
0.0003978510254632399
0.00036341257681403346
0.0003267314295613681
0.00028736928315397693
0.0002459254015485237
0.00020369338242164038
0.00016062339281415307
0.0001152717265389429
0.00006778689565560146
0.000024249422951317474
0.000029277087972737047
0.00008184124263459916
0.00013917116648198694
0.00019392565387391897
0.0002459254015485237
0.000296913441211418
0.00034694993775529273
0.0003944730901815791
0.0004387593883427013
0.0004803380062245188
0.0005193253562211495
0.0005548641472125245
0.0005863750428242116
0.0006141314032044616
0.0006382778795254058
0.0006582555969759675
0.0006736262263276337
0.000684643607052125
0.000691540664869681
0.0006939477505592198
0.000691540664869681
0.000684643607052125
0.0006736262263276337
0.0006582555969759675
0.0006382778795254058
0.0006141314032044616
0.0005863750428242116
0.0005548641472125245
0.0005193253562211495
0.0004803380062245188
0.0004387593883427013
0.0003944730901815791
0.00034694993775529273
0.000296913441211418
0.0002459254015485237
0.00019392565387391897
0.00013917116648198694
0.00008184124263459916
0.000029277087972737047
0.00003421092628327508
0.00009563330619872943
0.00016262459305058907
0.0002266064253143796
0.00028736928315397693
0.00034694993775529273
0.00040541869312911536
0.00046095055018807187
0.0005127000712866229
0.00056128560795748
0.0006068431906636908
0.0006483710557278262
0.0006851922357541751
0.0007176261581355607
0.0007458418509731102
0.0007691862566614665
0.0007871471777806387
0.0008000212313802089
0.0008080805963275568
0.0008108933293138093
0.0008080805963275568
0.0008000212313802089
0.0007871471777806387
0.0007691862566614665
0.0007458418509731102
0.0007176261581355607
0.0006851922357541751
0.0006483710557278262
0.0006068431906636908
0.00056128560795748
0.0005127000712866229
0.00046095055018807187
0.00040541869312911536
0.00034694993775529273
0.00028736928315397693
0.0002266064253143796
0.00016262459305058907
0.00009563330619872943
0.00003421092628327508
0.00003889693682105828
0.00010873259140660697
0.0001848999488953187
0.00025764563448866303
0.0003267314295613681
0.0003944730901815791
0.00046095055018807187
0.0005240888329019853
0.0005829266976245906
0.0006381671940278531
0.0006899649852238762
0.0007371810918658876
0.0007790458195643566
0.0008159223489889522
0.0008480028607113459
0.0008745448451541658
0.0008949659471212877
0.0009096034125131036
0.0009187667016500042
0.0009219647061809209
0.0009187667016500042
0.0009096034125131036
0.0008949659471212877
0.0008745448451541658
0.0008480028607113459
0.0008159223489889522
0.0007790458195643566
0.0007371810918658876
0.0006899649852238762
0.0006381671940278531
0.0005829266976245906
0.0005240888329019853
0.00046095055018807187
0.0003944730901815791
0.0003267314295613681
0.00025764563448866303
0.0001848999488953187
0.00010873259140660697
0.00003889693682105828
0.00004326377801881601
0.00012093966986827825
0.0002056581057140388
0.0002865707289320489
0.00036341257681403346
0.0004387593883427013
0.0005127000712866229
0.0005829266976245906
0.0006483701110782125
0.0007098122905751359
0.0007674252627862662
0.0008199421786058897
0.0008665069323883563
0.0009075234779962949
0.0009432055715316465
0.0009727273441173826
0.0009954410613046665
0.001011721830568913
0.0010219138544026887
0.001025470889208932
0.0010219138544026887
0.001011721830568913
0.0009954410613046665
0.0009727273441173826
0.0009432055715316465
0.0009075234779962949
0.0008665069323883563
0.0008199421786058897
0.0007674252627862662
0.0007098122905751359
0.0006483701110782125
0.0005829266976245906
0.0005127000712866229
0.0004387593883427013
0.00036341257681403346
0.0002865707289320489
0.0002056581057140388
0.00012093966986827825
0.00004326377801881601
0.00004736362896710638
0.00013240040313987879
0.00022514710132067763
0.00031372733264458974
0.0003978510254632399
0.0004803380062245188
0.00056128560795748
0.0006381671940278531
0.0007098122905751359
0.0007770769800194321
0.0008401495909761871
0.0008976432225840324
0.0009486206411566365
0.0009935240808618304
0.0010325875541961048
0.00106490692960049
0.0010897730906845825
0.001107596691628436
0.0011187545529478266
0.0011226486667885718
0.0011187545529478266
0.001107596691628436
0.0010897730906845825
0.00106490692960049
0.0010325875541961048
0.0009935240808618304
0.0009486206411566365
0.0008976432225840324
0.0008401495909761871
0.0007770769800194321
0.0007098122905751359
0.0006381671940278531
0.00056128560795748
0.0004803380062245188
0.0003978510254632399
0.00031372733264458974
0.00022514710132067763
0.00013240040313987879
0.00004736362896710638
0.00005120796848578275
0.00014314687914223094
0.0002434215012768893
0.0003391914790640318
0.0004301431967577254
0.0005193253562211495
0.0006068431906636908
0.0006899649852238762
0.0007674252627862662
0.0008401495909761871
0.0009083415843817732
0.0009705017722667096
0.0010256168489760006
0.0010741649432726547
0.0011163990616261273
0.0011513416872922756
0.0011782261473922593
0.0011974964274645461
0.001209559933223552
0.0012137701186165548
0.001209559933223552
0.0011974964274645461
0.0011782261473922593
0.0011513416872922756
0.0011163990616261273
0.0010741649432726547
0.0010256168489760006
0.0009705017722667096
0.0009083415843817732
0.0008401495909761871
0.0007674252627862662
0.0006899649852238762
0.0006068431906636908
0.0005193253562211495
0.0004301431967577254
0.0003391914790640318
0.0002434215012768893
0.00014314687914223094
0.00005120796848578275
0.000054712263562671254
0.0001529427940883461
0.0002600794706077805
0.0003624032381975078
0.0004595790195667024
0.0005548641472125245
0.0006483710557278262
0.0007371810918658876
0.0008199421786058897
0.0008976432225840324
0.0009705017722667096
0.0010369157442173841
0.001095802489627579
0.0011476728568607843
0.0011927971662802018
0.0012301310071168843
0.0012588552410637713
0.0012794442367497487
0.0012923332797267176
0.001296831579106308
0.0012923332797267176
0.0012794442367497487
0.0012588552410637713
0.0012301310071168843
0.0011927971662802018
0.0011476728568607843
0.001095802489627579
0.0010369157442173841
0.0009705017722667096
0.0008976432225840324
0.0008199421786058897
0.0007371810918658876
0.0006483710557278262
0.0005548641472125245
0.0004595790195667024
0.0003624032381975078
0.0002600794706077805
0.0001529427940883461
0.000054712263562671254
0.00005781938885534602
0.00016162845965763675
0.00027484945906393793
0.000382984223048571
0.0004856786451843243
0.0005863750428242116
0.0006851922357541751
0.0007790458195643566
0.0008665069323883563
0.0009486206411566365
0.0010256168489760006
0.001095802489627579
0.001158033430363521
0.001212849530773823
0.0012605364627933993
0.0012999905032632679
0.0013303459947746831
0.0013521042454883454
0.0013657252609487092
0.0013704790200527968
0.0013657252609487092
0.0013521042454883454
0.0013303459947746831
0.0012999905032632679
0.0012605364627933993
0.001212849530773823
0.001158033430363521
0.001095802489627579
0.0010256168489760006
0.0009486206411566365
0.0008665069323883563
0.0007790458195643566
0.0006851922357541751
0.0005863750428242116
0.0004856786451843243
0.000382984223048571
0.00027484945906393793
0.00016162845965763675
0.00005781938885534602
0.00006055629898423757
0.0001692792248613444
0.00028785959776177894
0.0004011129757043572
0.0005086684904543404
0.0006141314032044616
0.0007176261581355607
0.0008159223489889522
0.0009075234779962949
0.0009935240808618304
0.0010741649432726547
0.0011476728568607843
0.001212849530773823
0.0012702603791295698
0.0013202045962890268
0.0013615262137970723
0.0013933185979119866
0.0014161067864707922
0.0014303725596139555
0.001435351340318926
0.0014303725596139555
0.0014161067864707922
0.0013933185979119866
0.0013615262137970723
0.0013202045962890268
0.0012702603791295698
0.001212849530773823
0.0011476728568607843
0.0010741649432726547
0.0009935240808618304
0.0009075234779962949
0.0008159223489889522
0.0007176261581355607
0.0006141314032044616
0.0005086684904543404
0.0004011129757043572
0.00028785959776177894
0.0001692792248613444
0.00006055629898423757
0.00006293725724801827
0.00017593496135912676
0.0002991776885235327
0.0004168839734408858
0.000528668366044283
0.0006382778795254058
0.0007458418509731102
0.0008480028607113459
0.0009432055715316465
0.0010325875541961048
0.0011163990616261273
0.0011927971662802018
0.0012605364627933993
0.0013202045962890268
0.0013721125248801354
0.0014150588296350712
0.0014481012297013138
0.0014717854064029846
0.0014866120825574643
0.001491786619430858
0.0014866120825574643
0.0014717854064029846
0.0014481012297013138
0.0014150588296350712
0.0013721125248801354
0.0013202045962890268
0.0012605364627933993
0.0011927971662802018
0.0011163990616261273
0.0010325875541961048
0.0009432055715316465
0.0008480028607113459
0.0007458418509731102
0.0006382778795254058
0.000528668366044283
0.0004168839734408858
0.0002991776885235327
0.00017593496135912676
0.00006293725724801827
0.00006490715591245129
0.00018144162085721494
0.000308541771974583
0.00042993219350024643
0.0005452153710097942
0.0006582555969759675
0.0007691862566614665
0.0008745448451541658
0.0009727273441173826
0.00106490692960049
0.0011513416872922756
0.0012301310071168843
0.0012999905032632679
0.0013615262137970723
0.0014150588296350712
0.0014593493281486532
0.0014934259356558658
0.001517851412981251
0.0015331421552681264
0.0015384786520635388
0.0015331421552681264
0.001517851412981251
0.0014934259356558658
0.0014593493281486532
0.0014150588296350712
0.0013615262137970723
0.0012999905032632679
0.0012301310071168843
0.0011513416872922756
0.00106490692960049
0.0009727273441173826
0.0008745448451541658
0.0007691862566614665
0.0006582555969759675
0.0005452153710097942
0.00042993219350024643
0.000308541771974583
0.00018144162085721494
0.00006490715591245129
0.00006642277361533809
0.0001856783822550274
0.0003157463916364812
0.0004399713461075312
0.000557946449063854
0.0006736262263276337
0.0007871471777806387
0.0008949659471212877
0.0009954410613046665
0.0010897730906845825
0.0011782261473922593
0.0012588552410637713
0.0013303459947746831
0.0013933185979119866
0.0014481012297013138
0.0014934259356558658
0.001528298250645038
0.0015532940762673928
0.0015689418657761727
0.0015744029726997108
0.0015689418657761727
0.0015532940762673928
0.001528298250645038
0.0014934259356558658
0.0014481012297013138
0.0013933185979119866
0.0013303459947746831
0.0012588552410637713
0.0011782261473922593
0.0010897730906845825
0.0009954410613046665
0.0008949659471212877
0.0007871471777806387
0.0006736262263276337
0.000557946449063854
0.0004399713461075312
0.0003157463916364812
0.0001856783822550274
0.00006642277361533809
0.00006750914014486947
0.0001887152138831005
0.00032091052876933614
0.00044716722364092164
0.0005670718485999235
0.000684643607052125
0.0008000212313802089
0.0009096034125131036
0.001011721830568913
0.001107596691628436
0.0011974964274645461
0.0012794442367497487
0.0013521042454883454
0.0014161067864707922
0.0014717854064029846
0.001517851412981251
0.0015532940762673928
0.001578698716921944
0.0015946024312266673
0.0016001528563682353
0.0015946024312266673
0.001578698716921944
0.0015532940762673928
0.001517851412981251
0.0014717854064029846
0.0014161067864707922
0.0013521042454883454
0.0012794442367497487
0.0011974964274645461
0.001107596691628436
0.001011721830568913
0.0009096034125131036
0.0008000212313802089
0.000684643607052125
0.0005670718485999235
0.00044716722364092164
0.00032091052876933614
0.0001887152138831005
0.00006750914014486947
0.00006818922309313136
0.0001906163194039837
0.00032414336180595
0.00045167195889850607
0.0005727844957147374
0.000691540664869681
0.0008080805963275568
0.0009187667016500042
0.0010219138544026887
0.0011187545529478266
0.001209559933223552
0.0012923332797267176
0.0013657252609487092
0.0014303725596139555
0.0014866120825574643
0.0015331421552681264
0.0015689418657761727
0.0015946024312266673
0.0016106663585764606
0.0016162726983613835
0.0016106663585764606
0.0015946024312266673
0.0015689418657761727
0.0015331421552681264
0.0014866120825574643
0.0014303725596139555
0.0013657252609487092
0.0012923332797267176
0.001209559933223552
0.0011187545529478266
0.0010219138544026887
0.0009187667016500042
0.0008080805963275568
0.000691540664869681
0.0005727844957147374
0.00045167195889850607
0.00032414336180595
0.0001906163194039837
0.00006818922309313136
0.00006842657327574018
0.00019127980867936326
0.00032527162640006335
0.0004532441196749593
0.0005747782199205068
0.0006939477505592198
0.0008108933293138093
0.0009219647061809209
0.001025470889208932
0.0011226486667885718
0.0012137701186165548
0.001296831579106308
0.0013704790200527968
0.001435351340318926
0.001491786619430858
0.0015384786520635388
0.0015744029726997108
0.0016001528563682353
0.0016162726983613835
0.0016218985524582659
0.0016162726983613835
0.0016001528563682353
0.0015744029726997108
0.0015384786520635388
0.001491786619430858
0.001435351340318926
0.0013704790200527968
0.001296831579106308
0.0012137701186165548
0.0011226486667885718
0.001025470889208932
0.0009219647061809209
0.0008108933293138093
0.0006939477505592198
0.0005747782199205068
0.0004532441196749593
0.00032527162640006335
0.00019127980867936326
0.00006842657327574018
0.00006818922309313136
0.0001906163194039837
0.00032414336180595
0.00045167195889850607
0.0005727844957147374
0.000691540664869681
0.0008080805963275568
0.0009187667016500042
0.0010219138544026887
0.0011187545529478266
0.001209559933223552
0.0012923332797267176
0.0013657252609487092
0.0014303725596139555
0.0014866120825574643
0.0015331421552681264
0.0015689418657761727
0.0015946024312266673
0.0016106663585764606
0.0016162726983613835
0.0016106663585764606
0.0015946024312266673
0.0015689418657761727
0.0015331421552681264
0.0014866120825574643
0.0014303725596139555
0.0013657252609487092
0.0012923332797267176
0.001209559933223552
0.0011187545529478266
0.0010219138544026887
0.0009187667016500042
0.0008080805963275568
0.000691540664869681
0.0005727844957147374
0.00045167195889850607
0.00032414336180595
0.0001906163194039837
0.00006818922309313136
0.00006750914014486947
0.0001887152138831005
0.00032091052876933614
0.00044716722364092164
0.0005670718485999235
0.000684643607052125
0.0008000212313802089
0.0009096034125131036
0.001011721830568913
0.001107596691628436
0.0011974964274645461
0.0012794442367497487
0.0013521042454883454
0.0014161067864707922
0.0014717854064029846
0.001517851412981251
0.0015532940762673928
0.001578698716921944
0.0015946024312266673
0.0016001528563682353
0.0015946024312266673
0.001578698716921944
0.0015532940762673928
0.001517851412981251
0.0014717854064029846
0.0014161067864707922
0.0013521042454883454
0.0012794442367497487
0.0011974964274645461
0.001107596691628436
0.001011721830568913
0.0009096034125131036
0.0008000212313802089
0.000684643607052125
0.0005670718485999235
0.00044716722364092164
0.00032091052876933614
0.0001887152138831005
0.00006750914014486947
0.00006642277361533809
0.0001856783822550274
0.0003157463916364812
0.0004399713461075312
0.000557946449063854
0.0006736262263276337
0.0007871471777806387
0.0008949659471212877
0.0009954410613046665
0.0010897730906845825
0.0011782261473922593
0.0012588552410637713
0.0013303459947746831
0.0013933185979119866
0.0014481012297013138
0.0014934259356558658
0.001528298250645038
0.0015532940762673928
0.0015689418657761727
0.0015744029726997108
0.0015689418657761727
0.0015532940762673928
0.001528298250645038
0.0014934259356558658
0.0014481012297013138
0.0013933185979119866
0.0013303459947746831
0.0012588552410637713
0.0011782261473922593
0.0010897730906845825
0.0009954410613046665
0.0008949659471212877
0.0007871471777806387
0.0006736262263276337
0.000557946449063854
0.0004399713461075312
0.0003157463916364812
0.0001856783822550274
0.00006642277361533809
0.00006490715591245129
0.00018144162085721494
0.000308541771974583
0.00042993219350024643
0.0005452153710097942
0.0006582555969759675
0.0007691862566614665
0.0008745448451541658
0.0009727273441173826
0.00106490692960049
0.0011513416872922756
0.0012301310071168843
0.0012999905032632679
0.0013615262137970723
0.0014150588296350712
0.0014593493281486532
0.0014934259356558658
0.001517851412981251
0.0015331421552681264
0.0015384786520635388
0.0015331421552681264
0.001517851412981251
0.0014934259356558658
0.0014593493281486532
0.0014150588296350712
0.0013615262137970723
0.0012999905032632679
0.0012301310071168843
0.0011513416872922756
0.00106490692960049
0.0009727273441173826
0.0008745448451541658
0.0007691862566614665
0.0006582555969759675
0.0005452153710097942
0.00042993219350024643
0.000308541771974583
0.00018144162085721494
0.00006490715591245129
0.00006293725724801827
0.00017593496135912676
0.0002991776885235327
0.0004168839734408858
0.000528668366044283
0.0006382778795254058
0.0007458418509731102
0.0008480028607113459
0.0009432055715316465
0.0010325875541961048
0.0011163990616261273
0.0011927971662802018
0.0012605364627933993
0.0013202045962890268
0.0013721125248801354
0.0014150588296350712
0.0014481012297013138
0.0014717854064029846
0.0014866120825574643
0.001491786619430858
0.0014866120825574643
0.0014717854064029846
0.0014481012297013138
0.0014150588296350712
0.0013721125248801354
0.0013202045962890268
0.0012605364627933993
0.0011927971662802018
0.0011163990616261273
0.0010325875541961048
0.0009432055715316465
0.0008480028607113459
0.0007458418509731102
0.0006382778795254058
0.000528668366044283
0.0004168839734408858
0.0002991776885235327
0.00017593496135912676
0.00006293725724801827
0.00006055629898423757
0.0001692792248613444
0.00028785959776177894
0.0004011129757043572
0.0005086684904543404
0.0006141314032044616
0.0007176261581355607
0.0008159223489889522
0.0009075234779962949
0.0009935240808618304
0.0010741649432726547
0.0011476728568607843
0.001212849530773823
0.0012702603791295698
0.0013202045962890268
0.0013615262137970723
0.0013933185979119866
0.0014161067864707922
0.0014303725596139555
0.001435351340318926
0.0014303725596139555
0.0014161067864707922
0.0013933185979119866
0.0013615262137970723
0.0013202045962890268
0.0012702603791295698
0.001212849530773823
0.0011476728568607843
0.0010741649432726547
0.0009935240808618304
0.0009075234779962949
0.0008159223489889522
0.0007176261581355607
0.0006141314032044616
0.0005086684904543404
0.0004011129757043572
0.00028785959776177894
0.0001692792248613444
0.00006055629898423757
0.00005781938885534602
0.00016162845965763675
0.00027484945906393793
0.000382984223048571
0.0004856786451843243
0.0005863750428242116
0.0006851922357541751
0.0007790458195643566
0.0008665069323883563
0.0009486206411566365
0.0010256168489760006
0.001095802489627579
0.001158033430363521
0.001212849530773823
0.0012605364627933993
0.0012999905032632679
0.0013303459947746831
0.0013521042454883454
0.0013657252609487092
0.0013704790200527968
0.0013657252609487092
0.0013521042454883454
0.0013303459947746831
0.0012999905032632679
0.0012605364627933993
0.001212849530773823
0.001158033430363521
0.001095802489627579
0.0010256168489760006
0.0009486206411566365
0.0008665069323883563
0.0007790458195643566
0.0006851922357541751
0.0005863750428242116
0.0004856786451843243
0.000382984223048571
0.00027484945906393793
0.00016162845965763675
0.00005781938885534602
0.000054712263562671254
0.0001529427940883461
0.0002600794706077805
0.0003624032381975078
0.0004595790195667024
0.0005548641472125245
0.0006483710557278262
0.0007371810918658876
0.0008199421786058897
0.0008976432225840324
0.0009705017722667096
0.0010369157442173841
0.001095802489627579
0.0011476728568607843
0.0011927971662802018
0.0012301310071168843
0.0012588552410637713
0.0012794442367497487
0.0012923332797267176
0.001296831579106308
0.0012923332797267176
0.0012794442367497487
0.0012588552410637713
0.0012301310071168843
0.0011927971662802018
0.0011476728568607843
0.001095802489627579
0.0010369157442173841
0.0009705017722667096
0.0008976432225840324
0.0008199421786058897
0.0007371810918658876
0.0006483710557278262
0.0005548641472125245
0.0004595790195667024
0.0003624032381975078
0.0002600794706077805
0.0001529427940883461
0.000054712263562671254
0.00005120796848578275
0.00014314687914223094
0.0002434215012768893
0.0003391914790640318
0.0004301431967577254
0.0005193253562211495
0.0006068431906636908
0.0006899649852238762
0.0007674252627862662
0.0008401495909761871
0.0009083415843817732
0.0009705017722667096
0.0010256168489760006
0.0010741649432726547
0.0011163990616261273
0.0011513416872922756
0.0011782261473922593
0.0011974964274645461
0.001209559933223552
0.0012137701186165548
0.001209559933223552
0.0011974964274645461
0.0011782261473922593
0.0011513416872922756
0.0011163990616261273
0.0010741649432726547
0.0010256168489760006
0.0009705017722667096
0.0009083415843817732
0.0008401495909761871
0.0007674252627862662
0.0006899649852238762
0.0006068431906636908
0.0005193253562211495
0.0004301431967577254
0.0003391914790640318
0.0002434215012768893
0.00014314687914223094
0.00005120796848578275
0.00004736362896710638
0.00013240040313987879
0.00022514710132067763
0.00031372733264458974
0.0003978510254632399
0.0004803380062245188
0.00056128560795748
0.0006381671940278531
0.0007098122905751359
0.0007770769800194321
0.0008401495909761871
0.0008976432225840324
0.0009486206411566365
0.0009935240808618304
0.0010325875541961048
0.00106490692960049
0.0010897730906845825
0.001107596691628436
0.0011187545529478266
0.0011226486667885718
0.0011187545529478266
0.001107596691628436
0.0010897730906845825
0.00106490692960049
0.0010325875541961048
0.0009935240808618304
0.0009486206411566365
0.0008976432225840324
0.0008401495909761871
0.0007770769800194321
0.0007098122905751359
0.0006381671940278531
0.00056128560795748
0.0004803380062245188
0.0003978510254632399
0.00031372733264458974
0.00022514710132067763
0.00013240040313987879
0.00004736362896710638
0.00004326377801881601
0.00012093966986827825
0.0002056581057140388
0.0002865707289320489
0.00036341257681403346
0.0004387593883427013
0.0005127000712866229
0.0005829266976245906
0.0006483701110782125
0.0007098122905751359
0.0007674252627862662
0.0008199421786058897
0.0008665069323883563
0.0009075234779962949
0.0009432055715316465
0.0009727273441173826
0.0009954410613046665
0.001011721830568913
0.0010219138544026887
0.001025470889208932
0.0010219138544026887
0.001011721830568913
0.0009954410613046665
0.0009727273441173826
0.0009432055715316465
0.0009075234779962949
0.0008665069323883563
0.0008199421786058897
0.0007674252627862662
0.0007098122905751359
0.0006483701110782125
0.0005829266976245906
0.0005127000712866229
0.0004387593883427013
0.00036341257681403346
0.0002865707289320489
0.0002056581057140388
0.00012093966986827825
0.00004326377801881601
0.00003889693682105828
0.00010873259140660697
0.0001848999488953187
0.00025764563448866303
0.0003267314295613681
0.0003944730901815791
0.00046095055018807187
0.0005240888329019853
0.0005829266976245906
0.0006381671940278531
0.0006899649852238762
0.0007371810918658876
0.0007790458195643566
0.0008159223489889522
0.0008480028607113459
0.0008745448451541658
0.0008949659471212877
0.0009096034125131036
0.0009187667016500042
0.0009219647061809209
0.0009187667016500042
0.0009096034125131036
0.0008949659471212877
0.0008745448451541658
0.0008480028607113459
0.0008159223489889522
0.0007790458195643566
0.0007371810918658876
0.0006899649852238762
0.0006381671940278531
0.0005829266976245906
0.0005240888329019853
0.00046095055018807187
0.0003944730901815791
0.0003267314295613681
0.00025764563448866303
0.0001848999488953187
0.00010873259140660697
0.00003889693682105828
0.00003421092628327508
0.00009563330619872943
0.00016262459305058907
0.0002266064253143796
0.00028736928315397693
0.00034694993775529273
0.00040541869312911536
0.00046095055018807187
0.0005127000712866229
0.00056128560795748
0.0006068431906636908
0.0006483710557278262
0.0006851922357541751
0.0007176261581355607
0.0007458418509731102
0.0007691862566614665
0.0007871471777806387
0.0008000212313802089
0.0008080805963275568
0.0008108933293138093
0.0008080805963275568
0.0008000212313802089
0.0007871471777806387
0.0007691862566614665
0.0007458418509731102
0.0007176261581355607
0.0006851922357541751
0.0006483710557278262
0.0006068431906636908
0.00056128560795748
0.0005127000712866229
0.00046095055018807187
0.00040541869312911536
0.00034694993775529273
0.00028736928315397693
0.0002266064253143796
0.00016262459305058907
0.00009563330619872943
0.00003421092628327508
0.000029277087972737047
0.00008184124263459916
0.00013917116648198694
0.00019392565387391897
0.0002459254015485237
0.000296913441211418
0.00034694993775529273
0.0003944730901815791
0.0004387593883427013
0.0004803380062245188
0.0005193253562211495
0.0005548641472125245
0.0005863750428242116
0.0006141314032044616
0.0006382778795254058
0.0006582555969759675
0.0006736262263276337
0.000684643607052125
0.000691540664869681
0.0006939477505592198
0.000691540664869681
0.000684643607052125
0.0006736262263276337
0.0006582555969759675
0.0006382778795254058
0.0006141314032044616
0.0005863750428242116
0.0005548641472125245
0.0005193253562211495
0.0004803380062245188
0.0004387593883427013
0.0003944730901815791
0.00034694993775529273
0.000296913441211418
0.0002459254015485237
0.00019392565387391897
0.00013917116648198694
0.00008184124263459916
0.000029277087972737047
0.000024249422951317474
0.00006778689565560146
0.0001152717265389429
0.00016062339281415307
0.00020369338242164038
0.0002459254015485237
0.00028736928315397693
0.0003267314295613681
0.00036341257681403346
0.0003978510254632399
0.0004301431967577254
0.0004595790195667024
0.0004856786451843243
0.0005086684904543404
0.000528668366044283
0.0005452153710097942
0.000557946449063854
0.0005670718485999235
0.0005727844957147374
0.0005747782199205068
0.0005727844957147374
0.0005670718485999235
0.000557946449063854
0.0005452153710097942
0.000528668366044283
0.0005086684904543404
0.0004856786451843243
0.0004595790195667024
0.0004301431967577254
0.0003978510254632399
0.00036341257681403346
0.0003267314295613681
0.00028736928315397693
0.0002459254015485237
0.00020369338242164038
0.00016062339281415307
0.0001152717265389429
0.00006778689565560146
0.000024249422951317474
0.00001912199867231523
0.0000534536814063181
0.00009089807234829044
0.000126660346116324
0.00016062339281415307
0.00019392565387391897
0.0002266064253143796
0.00025764563448866303
0.0002865707289320489
0.00031372733264458974
0.0003391914790640318
0.0003624032381975078
0.000382984223048571
0.0004011129757043572
0.0004168839734408858
0.00042993219350024643
0.0004399713461075312
0.00044716722364092164
0.00045167195889850607
0.0004532441196749593
0.00045167195889850607
0.00044716722364092164
0.0004399713461075312
0.00042993219350024643
0.0004168839734408858
0.0004011129757043572
0.000382984223048571
0.0003624032381975078
0.0003391914790640318
0.00031372733264458974
0.0002865707289320489
0.00025764563448866303
0.0002266064253143796
0.00019392565387391897
0.00016062339281415307
0.000126660346116324
0.00009089807234829044
0.0000534536814063181
0.00001912199867231523
0.000013722943857769942
0.00003836115050002822
0.000065233198944892
0.00009089807234829044
0.0001152717265389429
0.00013917116648198694
0.00016262459305058907
0.0001848999488953187
0.0002056581057140388
0.00022514710132067763
0.0002434215012768893
0.0002600794706077805
0.00027484945906393793
0.00028785959776177894
0.0002991776885235327
0.000308541771974583
0.0003157463916364812
0.00032091052876933614
0.00032414336180595
0.00032527162640006335
0.00032414336180595
0.00032091052876933614
0.0003157463916364812
0.000308541771974583
0.0002991776885235327
0.00028785959776177894
0.00027484945906393793
0.0002600794706077805
0.0002434215012768893
0.00022514710132067763
0.0002056581057140388
0.0001848999488953187
0.00016262459305058907
0.00013917116648198694
0.0001152717265389429
0.00009089807234829044
0.000065233198944892
0.00003836115050002822
0.000013722943857769942
8.069938668438884e-6
0.00002255872610093798
0.00003836115050002822
0.0000534536814063181
0.00006778689565560146
0.00008184124263459916
0.00009563330619872943
0.00010873259140660697
0.00012093966986827825
0.00013240040313987879
0.00014314687914223094
0.0001529427940883461
0.00016162845965763675
0.0001692792248613444
0.00017593496135912676
0.00018144162085721494
0.0001856783822550274
0.0001887152138831005
0.0001906163194039837
0.00019127980867936326
0.0001906163194039837
0.0001887152138831005
0.0001856783822550274
0.00018144162085721494
0.00017593496135912676
0.0001692792248613444
0.00016162845965763675
0.0001529427940883461
0.00014314687914223094
0.00013240040313987879
0.00012093966986827825
0.00010873259140660697
0.00009563330619872943
0.00008184124263459916
0.00006778689565560146
0.0000534536814063181
0.00003836115050002822
0.00002255872610093798
8.069938668438884e-6
2.8868611561207496e-6
8.069938668438884e-6
0.000013722943857769942
0.00001912199867231523
0.000024249422951317474
0.000029277087972737047
0.00003421092628327508
0.00003889693682105828
0.00004326377801881601
0.00004736362896710638
0.00005120796848578275
0.000054712263562671254
0.00005781938885534602
0.00006055629898423757
0.00006293725724801827
0.00006490715591245129
0.00006642277361533809
0.00006750914014486947
0.00006818922309313136
0.00006842657327574018
0.00006818922309313136
0.00006750914014486947
0.00006642277361533809
0.00006490715591245129
0.00006293725724801827
0.00006055629898423757
0.00005781938885534602
0.000054712263562671254
0.00005120796848578275
0.00004736362896710638
0.00004326377801881601
0.00003889693682105828
0.00003421092628327508
0.000029277087972737047
0.000024249422951317474
0.00001912199867231523
0.000013722943857769942
8.069938668438884e-6
2.8868611561207496e-6