0.0009915373984501518
0.002677382361597188
0.004200564694997897
0.0051476003207885515
0.005454517281068949
0.0051476003207885515
0.004200564694997897
0.002677382361597188
0.0009915373984501518
0.002677382361597188
0.007229557171919538
0.011342504922874721
0.01389972211333002
0.014728469528419148
0.01389972211333002
0.011342504922874721
0.007229557171919538
0.002677382361597188
0.004200564694997897
0.011342504922874721
0.01779533861702327
0.02180737529947167
0.023107603157407303
0.02180737529947167
0.01779533861702327
0.011342504922874721
0.004200564694997897
0.0051476003207885515
0.01389972211333002
0.02180737529947167
0.02672394314526155
0.028317313043022645
0.02672394314526155
0.02180737529947167
0.01389972211333002
0.0051476003207885515
0.005454517281068949
0.014728469528419148
0.023107603157407303
0.028317313043022645
0.030005684925232333
0.028317313043022645
0.023107603157407303
0.014728469528419148
0.005454517281068949
0.0051476003207885515
0.01389972211333002
0.02180737529947167
0.02672394314526155
0.028317313043022645
0.02672394314526155
0.02180737529947167
0.01389972211333002
0.0051476003207885515
0.004200564694997897
0.011342504922874721
0.01779533861702327
0.02180737529947167
0.023107603157407303
0.02180737529947167
0.01779533861702327
0.011342504922874721
0.004200564694997897
0.002677382361597188
0.007229557171919538
0.011342504922874721
0.01389972211333002
0.014728469528419148
0.01389972211333002
0.011342504922874721
0.007229557171919538
0.002677382361597188
0.0009915373984501518
0.002677382361597188
0.004200564694997897
0.0051476003207885515
0.005454517281068949
0.0051476003207885515
0.004200564694997897
0.002677382361597188
0.0009915373984501518