7.2293224459239134e-6
0.000020176233674325086
0.00003422879851174641
0.00004751858593417714
0.00005994512257189504
0.00007189895564967908
0.00008336380069419547
0.00009390978285805166
0.00010331440287880643
0.00011169093294093731
0.00011906337749786105
0.00012519660182435806
0.00012992357980471547
0.00013332600776295322
0.00013547195402555882
0.00013622501831130572
0.00013547195402555882
0.00013332600776295322
0.00012992357980471547
0.00012519660182435806
0.00011906337749786105
0.00011169093294093731
0.00010331440287880643
0.00009390978285805166
0.00008336380069419547
0.00007189895564967908
0.00005994512257189504
0.00004751858593417714
0.00003422879851174641
0.000020176233674325086
7.2293224459239134e-6
0.000020176233674325086
0.00005630962075989466
0.00009552876390978657
0.00013261908026000722
0.000167300159827363
0.00020066197641326354
0.00023265908186655726
0.0002620917433718131
0.00028833899027168964
0.000311716952615706
0.00033229262415949886
0.00034940977007657295
0.00036260223908296703
0.0003720980365188896
0.000378087133501455
0.00038018885203934994
0.000378087133501455
0.0003720980365188896
0.00036260223908296703
0.00034940977007657295
0.00033229262415949886
0.000311716952615706
0.00028833899027168964
0.0002620917433718131
0.00023265908186655726
0.00020066197641326354
0.000167300159827363
0.00013261908026000722
0.00009552876390978657
0.00005630962075989466
0.000020176233674325086
0.00003422879851174641
0.00009552876390978657
0.0001620636866485764
0.00022498707391605183
0.00028382321270401
0.00034042123373891596
0.0003947040346421192
0.00044463627950949713
0.0004891644972197823
0.0005288249995516329
0.0005637314408074445
0.0005927705245209361
0.0006151514292418677
0.0006312609639741187
0.0006414214130050202
0.0006449869595546497
0.0006414214130050202
0.0006312609639741187
0.0006151514292418677
0.0005927705245209361
0.0005637314408074445
0.0005288249995516329
0.0004891644972197823
0.00044463627950949713
0.0003947040346421192
0.00034042123373891596
0.00028382321270401
0.00022498707391605183
0.0001620636866485764
0.00009552876390978657
0.00003422879851174641
0.00004751858593417714
0.00013261908026000722
0.00022498707391605183
0.0003123413052985218
0.0003940213594807133
0.0004725943168495966
0.0005479531389999416
0.000617272243724071
0.000679089135691103
0.0007341483568788383
0.0007826076893880228
0.0008229215845548592
0.0008539921739563906
0.0008763564503498893
0.0008904618291945203
0.0008954117467343584
0.0008904618291945203
0.0008763564503498893
0.0008539921739563906
0.0008229215845548592
0.0007826076893880228
0.0007341483568788383
0.000679089135691103
0.000617272243724071
0.0005479531389999416
0.0004725943168495966
0.0003940213594807133
0.0003123413052985218
0.00022498707391605183
0.00013261908026000722
0.00004751858593417714
0.00005994512257189504
0.000167300159827363
0.00028382321270401
0.0003940213594807133
0.000497061480801093
0.0005961819716094344
0.0006912478019970132
0.0007786944746530126
0.0008566770385935803
0.000926134740204983
0.0009872666230231956
0.0010381229635395997
0.001077318790886731
0.0011055315262466817
0.0011233255882361459
0.0011295699536315595
0.0011233255882361459
0.0011055315262466817
0.001077318790886731
0.0010381229635395997
0.0009872666230231956
0.000926134740204983
0.0008566770385935803
0.0007786944746530126
0.0006912478019970132
0.0005961819716094344
0.000497061480801093
0.0003940213594807133
0.00028382321270401
0.000167300159827363
0.00005994512257189504
0.00007189895564967908
0.00020066197641326354
0.00034042123373891596
0.0004725943168495966
0.0005961819716094344
0.0007150683708165764
0.0008290915578513302
0.0009339762285176554
0.001027509524733483
0.0011108179907675197
0.0011841403620122615
0.0012451381148637715
0.0012921500973433124
0.0013259888171819182
0.0013473312453715293
0.0013548208180233624
0.0013473312453715293
0.0013259888171819182
0.0012921500973433124
0.0012451381148637715
0.0011841403620122615
0.0011108179907675197
0.001027509524733483
0.0009339762285176554
0.0008290915578513302
0.0007150683708165764
0.0005961819716094344
0.0004725943168495966
0.00034042123373891596
0.00020066197641326354
0.00007189895564967908
0.00008336380069419547
0.00023265908186655726
0.0003947040346421192
0.0005479531389999416
0.0006912478019970132
0.0008290915578513302
0.000961296624706493
0.0010829059680174885
0.0011913538723514396
0.0012879465181812207
0.0013729607091056996
0.001443685025829899
0.0014981934328331787
0.001537427998493867
0.0015621736420689677
0.001570857485056538
0.0015621736420689677
0.001537427998493867
0.0014981934328331787
0.001443685025829899
0.0013729607091056996
0.0012879465181812207
0.0011913538723514396
0.0010829059680174885
0.000961296624706493
0.0008290915578513302
0.0006912478019970132
0.0005479531389999416
0.0003947040346421192
0.00023265908186655726
0.00008336380069419547
0.00009390978285805166
0.0002620917433718131
0.00044463627950949713
0.000617272243724071
0.0007786944746530126
0.0009339762285176554
0.0010829059680174885
0.0012198995663029015
0.001342066730738834
0.0014508788808570213
0.001546647837443554
0.0016263191716563198
0.001687723193821695
0.0017319211491817336
0.0017597972536235772
0.0017695796508097091
0.0017597972536235772
0.0017319211491817336
0.001687723193821695
0.0016263191716563198
0.001546647837443554
0.0014508788808570213
0.001342066730738834
0.0012198995663029015
0.0010829059680174885
0.0009339762285176554
0.0007786944746530126
0.000617272243724071
0.00044463627950949713
0.0002620917433718131
0.00009390978285805166
0.00010331440287880643
0.00028833899027168964
0.0004891644972197823
0.000679089135691103
0.0008566770385935803
0.001027509524733483
0.0011913538723514396
0.001342066730738834
0.0014764683581408849
0.0015961775297871667
0.0017015372938387948
0.0017891873348701056
0.0018567406790617519
0.001905364850340996
0.001936032614628659
0.0019467946725660753
0.001936032614628659
0.001905364850340996
0.0018567406790617519
0.0017891873348701056
0.0017015372938387948
0.0015961775297871667
0.0014764683581408849
0.001342066730738834
0.0011913538723514396
0.001027509524733483
0.0008566770385935803
0.000679089135691103
0.0004891644972197823
0.00028833899027168964
0.00010331440287880643
0.00011169093294093731
0.000311716952615706
0.0005288249995516329
0.0007341483568788383
0.000926134740204983
0.0011108179907675197
0.0012879465181812207
0.0014508788808570213
0.0015961775297871667
0.0017255924873361569
0.0018394946153402027
0.0019342511505600058
0.0020072815879995567
0.002059848112146528
0.002093002358883258
0.0021046369834651223
0.002093002358883258
0.002059848112146528
0.0020072815879995567
0.0019342511505600058
0.0018394946153402027
0.0017255924873361569
0.0015961775297871667
0.0014508788808570213
0.0012879465181812207
0.0011108179907675197
0.000926134740204983
0.0007341483568788383
0.0005288249995516329
0.000311716952615706
0.00011169093294093731
0.00011906337749786105
0.00033229262415949886
0.0005637314408074445
0.0007826076893880228
0.0009872666230231956
0.0011841403620122615
0.0013729607091056996
0.001546647837443554
0.0017015372938387948
0.0018394946153402027
0.0019609151434642432
0.00206192632517969
0.002139777322684539
0.002195813634168936
0.002231156311420633
0.0022435589090367618
0.002231156311420633
0.002195813634168936
0.002139777322684539
0.00206192632517969
0.0019609151434642432
0.0018394946153402027
0.0017015372938387948
0.001546647837443554
0.0013729607091056996
0.0011841403620122615
0.0009872666230231956
0.0007826076893880228
0.0005637314408074445
0.00033229262415949886
0.00011906337749786105
0.00012519660182435806
0.00034940977007657295
0.0005927705245209361
0.0008229215845548592
0.0010381229635395997
0.0012451381148637715
0.001443685025829899
0.0016263191716563198
0.0017891873348701056
0.0019342511505600058
0.00206192632517969
0.002168140821717585
0.002250002100484171
0.002308924969329747
0.0023460882279595216
0.002359129711478348
0.0023460882279595216
0.002308924969329747
0.002250002100484171
0.002168140821717585
0.00206192632517969
0.0019342511505600058
0.0017891873348701056
0.0016263191716563198
0.001443685025829899
0.0012451381148637715
0.0010381229635395997
0.0008229215845548592
0.0005927705245209361
0.00034940977007657295
0.00012519660182435806
0.00012992357980471547
0.00036260223908296703
0.0006151514292418677
0.0008539921739563906
0.001077318790886731
0.0012921500973433124
0.0014981934328331787
0.001687723193821695
0.0018567406790617519
0.0020072815879995567
0.002139777322684539
0.002250002100484171
0.002334954169707805
0.002396101756313399
0.002434668167286459
0.0024482020507947933
0.002434668167286459
0.002396101756313399
0.002334954169707805
0.002250002100484171
0.002139777322684539
0.0020072815879995567
0.0018567406790617519
0.001687723193821695
0.0014981934328331787
0.0012921500973433124
0.001077318790886731
0.0008539921739563906
0.0006151514292418677
0.00036260223908296703
0.00012992357980471547
0.00013332600776295322
0.0003720980365188896
0.0006312609639741187
0.0008763564503498893
0.0011055315262466817
0.0013259888171819182
0.001537427998493867
0.0017319211491817336
0.001905364850340996
0.002059848112146528
0.002195813634168936
0.002308924969329747
0.002396101756313399
0.0024588506708577576
0.0024984270558104514
0.0025123153635403283
0.0024984270558104514
0.0024588506708577576
0.002396101756313399
0.002308924969329747
0.002195813634168936
0.002059848112146528
0.001905364850340996
0.0017319211491817336
0.001537427998493867
0.0013259888171819182
0.0011055315262466817
0.0008763564503498893
0.0006312609639741187
0.0003720980365188896
0.00013332600776295322
0.00013547195402555882
0.000378087133501455
0.0006414214130050202
0.0008904618291945203
0.0011233255882361459
0.0013473312453715293
0.0015621736420689677
0.0017597972536235772
0.001936032614628659
0.002093002358883258
0.002231156311420633
0.0023460882279595216
0.002434668167286459
0.0024984270558104514
0.0025386404417264362
0.002552752288453444
0.0025386404417264362
0.0024984270558104514
0.002434668167286459
0.0023460882279595216
0.002231156311420633
0.002093002358883258
0.001936032614628659
0.0017597972536235772
0.0015621736420689677
0.0013473312453715293
0.0011233255882361459
0.0008904618291945203
0.0006414214130050202
0.000378087133501455
0.00013547195402555882
0.00013622501831130572
0.00038018885203934994
0.0006449869595546497
0.0008954117467343584
0.0011295699536315595
0.0013548208180233624
0.001570857485056538
0.0017695796508097091
0.0019467946725660753
0.0021046369834651223
0.0022435589090367618
0.002359129711478348
0.0024482020507947933
0.0025123153635403283
0.002552752288453444
0.002566942580404428
0.002552752288453444
0.0025123153635403283
0.0024482020507947933
0.002359129711478348
0.0022435589090367618
0.0021046369834651223
0.0019467946725660753
0.0017695796508097091
0.001570857485056538
0.0013548208180233624
0.0011295699536315595
0.0008954117467343584
0.0006449869595546497
0.00038018885203934994
0.00013622501831130572
0.00013547195402555882
0.000378087133501455
0.0006414214130050202
0.0008904618291945203
0.0011233255882361459
0.0013473312453715293
0.0015621736420689677
0.0017597972536235772
0.001936032614628659
0.002093002358883258
0.002231156311420633
0.0023460882279595216
0.002434668167286459
0.0024984270558104514
0.0025386404417264362
0.002552752288453444
0.0025386404417264362
0.0024984270558104514
0.002434668167286459
0.0023460882279595216
0.002231156311420633
0.002093002358883258
0.001936032614628659
0.0017597972536235772
0.0015621736420689677
0.0013473312453715293
0.0011233255882361459
0.0008904618291945203
0.0006414214130050202
0.000378087133501455
0.00013547195402555882
0.00013332600776295322
0.0003720980365188896
0.0006312609639741187
0.0008763564503498893
0.0011055315262466817
0.0013259888171819182
0.001537427998493867
0.0017319211491817336
0.001905364850340996
0.002059848112146528
0.002195813634168936
0.002308924969329747
0.002396101756313399
0.0024588506708577576
0.0024984270558104514
0.0025123153635403283
0.0024984270558104514
0.0024588506708577576
0.002396101756313399
0.002308924969329747
0.002195813634168936
0.002059848112146528
0.001905364850340996
0.0017319211491817336
0.001537427998493867
0.0013259888171819182
0.0011055315262466817
0.0008763564503498893
0.0006312609639741187
0.0003720980365188896
0.00013332600776295322
0.00012992357980471547
0.00036260223908296703
0.0006151514292418677
0.0008539921739563906
0.001077318790886731
0.0012921500973433124
0.0014981934328331787
0.001687723193821695
0.0018567406790617519
0.0020072815879995567
0.002139777322684539
0.002250002100484171
0.002334954169707805
0.002396101756313399
0.002434668167286459
0.0024482020507947933
0.002434668167286459
0.002396101756313399
0.002334954169707805
0.002250002100484171
0.002139777322684539
0.0020072815879995567
0.0018567406790617519
0.001687723193821695
0.0014981934328331787
0.0012921500973433124
0.001077318790886731
0.0008539921739563906
0.0006151514292418677
0.00036260223908296703
0.00012992357980471547
0.00012519660182435806
0.00034940977007657295
0.0005927705245209361
0.0008229215845548592
0.0010381229635395997
0.0012451381148637715
0.001443685025829899
0.0016263191716563198
0.0017891873348701056
0.0019342511505600058
0.00206192632517969
0.002168140821717585
0.002250002100484171
0.002308924969329747
0.0023460882279595216
0.002359129711478348
0.0023460882279595216
0.002308924969329747
0.002250002100484171
0.002168140821717585
0.00206192632517969
0.0019342511505600058
0.0017891873348701056
0.0016263191716563198
0.001443685025829899
0.0012451381148637715
0.0010381229635395997
0.0008229215845548592
0.0005927705245209361
0.00034940977007657295
0.00012519660182435806
0.00011906337749786105
0.00033229262415949886
0.0005637314408074445
0.0007826076893880228
0.0009872666230231956
0.0011841403620122615
0.0013729607091056996
0.001546647837443554
0.0017015372938387948
0.0018394946153402027
0.0019609151434642432
0.00206192632517969
0.002139777322684539
0.002195813634168936
0.002231156311420633
0.0022435589090367618
0.002231156311420633
0.002195813634168936
0.002139777322684539
0.00206192632517969
0.0019609151434642432
0.0018394946153402027
0.0017015372938387948
0.001546647837443554
0.0013729607091056996
0.0011841403620122615
0.0009872666230231956
0.0007826076893880228
0.0005637314408074445
0.00033229262415949886
0.00011906337749786105
0.00011169093294093731
0.000311716952615706
0.0005288249995516329
0.0007341483568788383
0.000926134740204983
0.0011108179907675197
0.0012879465181812207
0.0014508788808570213
0.0015961775297871667
0.0017255924873361569
0.0018394946153402027
0.0019342511505600058
0.0020072815879995567
0.002059848112146528
0.002093002358883258
0.0021046369834651223
0.002093002358883258
0.002059848112146528
0.0020072815879995567
0.0019342511505600058
0.0018394946153402027
0.0017255924873361569
0.0015961775297871667
0.0014508788808570213
0.0012879465181812207
0.0011108179907675197
0.000926134740204983
0.0007341483568788383
0.0005288249995516329
0.000311716952615706
0.00011169093294093731
0.00010331440287880643
0.00028833899027168964
0.0004891644972197823
0.000679089135691103
0.0008566770385935803
0.001027509524733483
0.0011913538723514396
0.001342066730738834
0.0014764683581408849
0.0015961775297871667
0.0017015372938387948
0.0017891873348701056
0.0018567406790617519
0.001905364850340996
0.001936032614628659
0.0019467946725660753
0.001936032614628659
0.001905364850340996
0.0018567406790617519
0.0017891873348701056
0.0017015372938387948
0.0015961775297871667
0.0014764683581408849
0.001342066730738834
0.0011913538723514396
0.001027509524733483
0.0008566770385935803
0.000679089135691103
0.0004891644972197823
0.00028833899027168964
0.00010331440287880643
0.00009390978285805166
0.0002620917433718131
0.00044463627950949713
0.000617272243724071
0.0007786944746530126
0.0009339762285176554
0.0010829059680174885
0.0012198995663029015
0.001342066730738834
0.0014508788808570213
0.001546647837443554
0.0016263191716563198
0.001687723193821695
0.0017319211491817336
0.0017597972536235772
0.0017695796508097091
0.0017597972536235772
0.0017319211491817336
0.001687723193821695
0.0016263191716563198
0.001546647837443554
0.0014508788808570213
0.001342066730738834
0.0012198995663029015
0.0010829059680174885
0.0009339762285176554
0.0007786944746530126
0.000617272243724071
0.00044463627950949713
0.0002620917433718131
0.00009390978285805166
0.00008336380069419547
0.00023265908186655726
0.0003947040346421192
0.0005479531389999416
0.0006912478019970132
0.0008290915578513302
0.000961296624706493
0.0010829059680174885
0.0011913538723514396
0.0012879465181812207
0.0013729607091056996
0.001443685025829899
0.0014981934328331787
0.001537427998493867
0.0015621736420689677
0.001570857485056538
0.0015621736420689677
0.001537427998493867
0.0014981934328331787
0.001443685025829899
0.0013729607091056996
0.0012879465181812207
0.0011913538723514396
0.0010829059680174885
0.000961296624706493
0.0008290915578513302
0.0006912478019970132
0.0005479531389999416
0.0003947040346421192
0.00023265908186655726
0.00008336380069419547
0.00007189895564967908
0.00020066197641326354
0.00034042123373891596
0.0004725943168495966
0.0005961819716094344
0.0007150683708165764
0.0008290915578513302
0.0009339762285176554
0.001027509524733483
0.0011108179907675197
0.0011841403620122615
0.0012451381148637715
0.0012921500973433124
0.0013259888171819182
0.0013473312453715293
0.0013548208180233624
0.0013473312453715293
0.0013259888171819182
0.0012921500973433124
0.0012451381148637715
0.0011841403620122615
0.0011108179907675197
0.001027509524733483
0.0009339762285176554
0.0008290915578513302
0.0007150683708165764
0.0005961819716094344
0.0004725943168495966
0.00034042123373891596
0.00020066197641326354
0.00007189895564967908
0.00005994512257189504
0.000167300159827363
0.00028382321270401
0.0003940213594807133
0.000497061480801093
0.0005961819716094344
0.0006912478019970132
0.0007786944746530126
0.0008566770385935803
0.000926134740204983
0.0009872666230231956
0.0010381229635395997
0.001077318790886731
0.0011055315262466817
0.0011233255882361459
0.0011295699536315595
0.0011233255882361459
0.0011055315262466817
0.001077318790886731
0.0010381229635395997
0.0009872666230231956
0.000926134740204983
0.0008566770385935803
0.0007786944746530126
0.0006912478019970132
0.0005961819716094344
0.000497061480801093
0.0003940213594807133
0.00028382321270401
0.000167300159827363
0.00005994512257189504
0.00004751858593417714
0.00013261908026000722
0.00022498707391605183
0.0003123413052985218
0.0003940213594807133
0.0004725943168495966
0.0005479531389999416
0.000617272243724071
0.000679089135691103
0.0007341483568788383
0.0007826076893880228
0.0008229215845548592
0.0008539921739563906
0.0008763564503498893
0.0008904618291945203
0.0008954117467343584
0.0008904618291945203
0.0008763564503498893
0.0008539921739563906
0.0008229215845548592
0.0007826076893880228
0.0007341483568788383
0.000679089135691103
0.000617272243724071
0.0005479531389999416
0.0004725943168495966
0.0003940213594807133
0.0003123413052985218
0.00022498707391605183
0.00013261908026000722
0.00004751858593417714
0.00003422879851174641
0.00009552876390978657
0.0001620636866485764
0.00022498707391605183
0.00028382321270401
0.00034042123373891596
0.0003947040346421192
0.00044463627950949713
0.0004891644972197823
0.0005288249995516329
0.0005637314408074445
0.0005927705245209361
0.0006151514292418677
0.0006312609639741187
0.0006414214130050202
0.0006449869595546497
0.0006414214130050202
0.0006312609639741187
0.0006151514292418677
0.0005927705245209361
0.0005637314408074445
0.0005288249995516329
0.0004891644972197823
0.00044463627950949713
0.0003947040346421192
0.00034042123373891596
0.00028382321270401
0.00022498707391605183
0.0001620636866485764
0.00009552876390978657
0.00003422879851174641
0.000020176233674325086
0.00005630962075989466
0.00009552876390978657
0.00013261908026000722
0.000167300159827363
0.00020066197641326354
0.00023265908186655726
0.0002620917433718131
0.00028833899027168964
0.000311716952615706
0.00033229262415949886
0.00034940977007657295
0.00036260223908296703
0.0003720980365188896
0.000378087133501455
0.00038018885203934994
0.000378087133501455
0.0003720980365188896
0.00036260223908296703
0.00034940977007657295
0.00033229262415949886
0.000311716952615706
0.00028833899027168964
0.0002620917433718131
0.00023265908186655726
0.00020066197641326354
0.000167300159827363
0.00013261908026000722
0.00009552876390978657
0.00005630962075989466
0.000020176233674325086
7.2293224459239134e-6
0.000020176233674325086
0.00003422879851174641
0.00004751858593417714
0.00005994512257189504
0.00007189895564967908
0.00008336380069419547
0.00009390978285805166
0.00010331440287880643
0.00011169093294093731
0.00011906337749786105
0.00012519660182435806
0.00012992357980471547
0.00013332600776295322
0.00013547195402555882
0.00013622501831130572
0.00013547195402555882
0.00013332600776295322
0.00012992357980471547
0.00012519660182435806
0.00011906337749786105
0.00011169093294093731
0.00010331440287880643
0.00009390978285805166
0.00008336380069419547
0.00007189895564967908
0.00005994512257189504
0.00004751858593417714
0.00003422879851174641
0.000020176233674325086
7.2293224459239134e-6