0.00003419114455956127
0.0000951889875942305
0.0001600876090740529
0.00021939047440968043
0.00027226714017904624
0.00031981082973018247
0.00036104851635073023
0.00039384391214100016
0.0004174282601521968
0.00043193886960248126
0.00043692794609960885
0.00043193886960248126
0.0004174282601521968
0.00039384391214100016
0.00036104851635073023
0.00031981082973018247
0.00027226714017904624
0.00021939047440968043
0.0001600876090740529
0.0000951889875942305
0.00003419114455956127
0.0000951889875942305
0.0002650084832179375
0.0004456878419964652
0.0006107884780076923
0.0007579984163347472
0.000890361217673069
0.001005167951717905
0.0010964711404014469
0.0011621305454659675
0.0012025284391527875
0.0012164181508576546
0.0012025284391527875
0.0011621305454659675
0.0010964711404014469
0.001005167951717905
0.000890361217673069
0.0007579984163347472
0.0006107884780076923
0.0004456878419964652
0.0002650084832179375
0.0000951889875942305
0.0001600876090740529
0.0004456878419964652
0.000749552052415283
0.0010272161682299235
0.001274791939906115
0.0014973979884852062
0.001690478469992002
0.0018440309926797344
0.0019544561315078834
0.002022396786991258
0.002045756324620113
0.002022396786991258
0.0019544561315078834
0.0018440309926797344
0.001690478469992002
0.0014973979884852062
0.001274791939906115
0.0010272161682299235
0.000749552052415283
0.0004456878419964652
0.0001600876090740529
0.00021939047440968043
0.0006107884780076923
0.0010272161682299235
0.0014077381989321231
0.001747025957144922
0.002052094206253696
0.0023166994351157917
0.0025271339652715983
0.0026784650004115884
0.002771573597163178
0.0028035864435791346
0.002771573597163178
0.0026784650004115884
0.0025271339652715983
0.0023166994351157917
0.002052094206253696
0.001747025957144922
0.0014077381989321231
0.0010272161682299235
0.0006107884780076923
0.00021939047440968043
0.00027226714017904624
0.0007579984163347472
0.001274791939906115
0.001747025957144922
0.002168087572855082
0.0025466822222707714
0.002875061606711019
0.0031362142746862646
0.0033240185459007024
0.0034395678259314345
0.0034792962880085417
0.0034395678259314345
0.0033240185459007024
0.0031362142746862646
0.002875061606711019
0.0025466822222707714
0.002168087572855082
0.001747025957144922
0.001274791939906115
0.0007579984163347472
0.00027226714017904624
0.00031981082973018247
0.000890361217673069
0.0014973979884852062
0.002052094206253696
0.0025466822222707714
0.002991387627709769
0.003377109104547041
0.0036838646365458367
0.0039044635665689905
0.004040190232288006
0.004086856137003604
0.004040190232288006
0.0039044635665689905
0.0036838646365458367
0.003377109104547041
0.002991387627709769
0.0025466822222707714
0.002052094206253696
0.0014973979884852062
0.000890361217673069
0.00031981082973018247
0.00036104851635073023
0.001005167951717905
0.001690478469992002
0.0023166994351157917
0.002875061606711019
0.003377109104547041
0.0038125670502776586
0.004158876866627482
0.004407920704388119
0.004561148508863738
0.004613831701849873
0.004561148508863738
0.004407920704388119
0.004158876866627482
0.0038125670502776586
0.003377109104547041
0.002875061606711019
0.0023166994351157917
0.001690478469992002
0.001005167951717905
0.00036104851635073023
0.00039384391214100016
0.0010964711404014469
0.0018440309926797344
0.0025271339652715983
0.0031362142746862646
0.0036838646365458367
0.004158876866627482
0.004536643307167434
0.0048083087341566876
0.004975454796889239
0.005032923402603112
0.004975454796889239
0.0048083087341566876
0.004536643307167434
0.004158876866627482
0.0036838646365458367
0.0031362142746862646
0.0025271339652715983
0.0018440309926797344
0.0010964711404014469
0.00039384391214100016
0.0004174282601521968
0.0011621305454659675
0.0019544561315078834
0.0026784650004115884
0.0033240185459007024
0.0039044635665689905
0.004407920704388119
0.0048083087341566876
0.005096242159140108
0.005273397341705836
0.005334307309733795
0.005273397341705836
0.005096242159140108
0.0048083087341566876
0.004407920704388119
0.0039044635665689905
0.0033240185459007024
0.0026784650004115884
0.0019544561315078834
0.0011621305454659675
0.0004174282601521968
0.00043193886960248126
0.0012025284391527875
0.002022396786991258
0.002771573597163178
0.0034395678259314345
0.004040190232288006
0.004561148508863738
0.004975454796889239
0.005273397341705836
0.0054567107792621765
0.005519738094968897
0.0054567107792621765
0.005273397341705836
0.004975454796889239
0.004561148508863738
0.004040190232288006
0.0034395678259314345
0.002771573597163178
0.002022396786991258
0.0012025284391527875
0.00043193886960248126
0.00043692794609960885
0.0012164181508576546
0.002045756324620113
0.0028035864435791346
0.0034792962880085417
0.004086856137003604
0.004613831701849873
0.005032923402603112
0.005334307309733795
0.005519738094968897
0.005583493402809688
0.005519738094968897
0.005334307309733795
0.005032923402603112
0.004613831701849873
0.004086856137003604
0.0034792962880085417
0.0028035864435791346
0.002045756324620113
0.0012164181508576546
0.00043692794609960885
0.00043193886960248126
0.0012025284391527875
0.002022396786991258
0.002771573597163178
0.0034395678259314345
0.004040190232288006
0.004561148508863738
0.004975454796889239
0.005273397341705836
0.0054567107792621765
0.005519738094968897
0.0054567107792621765
0.005273397341705836
0.004975454796889239
0.004561148508863738
0.004040190232288006
0.0034395678259314345
0.002771573597163178
0.002022396786991258
0.0012025284391527875
0.00043193886960248126
0.0004174282601521968
0.0011621305454659675
0.0019544561315078834
0.0026784650004115884
0.0033240185459007024
0.0039044635665689905
0.004407920704388119
0.0048083087341566876
0.005096242159140108
0.005273397341705836
0.005334307309733795
0.005273397341705836
0.005096242159140108
0.0048083087341566876
0.004407920704388119
0.0039044635665689905
0.0033240185459007024
0.0026784650004115884
0.0019544561315078834
0.0011621305454659675
0.0004174282601521968
0.00039384391214100016
0.0010964711404014469
0.0018440309926797344
0.0025271339652715983
0.0031362142746862646
0.0036838646365458367
0.004158876866627482
0.004536643307167434
0.0048083087341566876
0.004975454796889239
0.005032923402603112
0.004975454796889239
0.0048083087341566876
0.004536643307167434
0.004158876866627482
0.0036838646365458367
0.0031362142746862646
0.0025271339652715983
0.0018440309926797344
0.0010964711404014469
0.00039384391214100016
0.00036104851635073023
0.001005167951717905
0.001690478469992002
0.0023166994351157917
0.002875061606711019
0.003377109104547041
0.0038125670502776586
0.004158876866627482
0.004407920704388119
0.004561148508863738
0.004613831701849873
0.004561148508863738
0.004407920704388119
0.004158876866627482
0.0038125670502776586
0.003377109104547041
0.002875061606711019
0.0023166994351157917
0.001690478469992002
0.001005167951717905
0.00036104851635073023
0.00031981082973018247
0.000890361217673069
0.0014973979884852062
0.002052094206253696
0.0025466822222707714
0.002991387627709769
0.003377109104547041
0.0036838646365458367
0.0039044635665689905
0.004040190232288006
0.004086856137003604
0.004040190232288006
0.0039044635665689905
0.0036838646365458367
0.003377109104547041
0.002991387627709769
0.0025466822222707714
0.002052094206253696
0.0014973979884852062
0.000890361217673069
0.00031981082973018247
0.00027226714017904624
0.0007579984163347472
0.001274791939906115
0.001747025957144922
0.002168087572855082
0.0025466822222707714
0.002875061606711019
0.0031362142746862646
0.0033240185459007024
0.0034395678259314345
0.0034792962880085417
0.0034395678259314345
0.0033240185459007024
0.0031362142746862646
0.002875061606711019
0.0025466822222707714
0.002168087572855082
0.001747025957144922
0.001274791939906115
0.0007579984163347472
0.00027226714017904624
0.00021939047440968043
0.0006107884780076923
0.0010272161682299235
0.0014077381989321231
0.001747025957144922
0.002052094206253696
0.0023166994351157917
0.0025271339652715983
0.0026784650004115884
0.002771573597163178
0.0028035864435791346
0.002771573597163178
0.0026784650004115884
0.0025271339652715983
0.0023166994351157917
0.002052094206253696
0.001747025957144922
0.0014077381989321231
0.0010272161682299235
0.0006107884780076923
0.00021939047440968043
0.0001600876090740529
0.0004456878419964652
0.000749552052415283
0.0010272161682299235
0.001274791939906115
0.0014973979884852062
0.001690478469992002
0.0018440309926797344
0.0019544561315078834
0.002022396786991258
0.002045756324620113
0.002022396786991258
0.0019544561315078834
0.0018440309926797344
0.001690478469992002
0.0014973979884852062
0.001274791939906115
0.0010272161682299235
0.000749552052415283
0.0004456878419964652
0.0001600876090740529
0.0000951889875942305
0.0002650084832179375
0.0004456878419964652
0.0006107884780076923
0.0007579984163347472
0.000890361217673069
0.001005167951717905
0.0010964711404014469
0.0011621305454659675
0.0012025284391527875
0.0012164181508576546
0.0012025284391527875
0.0011621305454659675
0.0010964711404014469
0.001005167951717905
0.000890361217673069
0.0007579984163347472
0.0006107884780076923
0.0004456878419964652
0.0002650084832179375
0.0000951889875942305
0.00003419114455956127
0.0000951889875942305
0.0001600876090740529
0.00021939047440968043
0.00027226714017904624
0.00031981082973018247
0.00036104851635073023
0.00039384391214100016
0.0004174282601521968
0.00043193886960248126
0.00043692794609960885
0.00043193886960248126
0.0004174282601521968
0.00039384391214100016
0.00036104851635073023
0.00031981082973018247
0.00027226714017904624
0.00021939047440968043
0.0001600876090740529
0.0000951889875942305
0.00003419114455956127