5.623483534716968e-6
0.000015719852346997374
0.000026676768546627414
0.000037065447239447853
0.000046850279527719826
0.00005632784770737255
0.00006545700240853524
0.00007393847849284994
0.00008165045828420713
0.00008865415117522283
0.00009491949883184179
0.00010030475917253401
0.00010474126995501221
0.00010824443951917186
0.00011078969971206142
0.00011231892183681544
0.0001128238080414288
0.00011231892183681544
0.00011078969971206142
0.00010824443951917186
0.00010474126995501221
0.00010030475917253401
0.00009491949883184179
0.00008865415117522283
0.00008165045828420713
0.00007393847849284994
0.00006545700240853524
0.00005632784770737255
0.000046850279527719826
0.000037065447239447853
0.000026676768546627414
0.000015719852346997374
5.623483534716968e-6
0.000015719852346997374
0.00004394318153255448
0.0000745720797543178
0.00010361253023725041
0.0001309649920809054
0.00015745852966716597
0.00018297811429281868
0.00020668718197424955
0.00022824520430591165
0.0002478232856590072
0.0002653374011457191
0.00028039132579637307
0.00029279312158822816
0.00030258586090276706
0.0003097008660716988
0.0003139756444823561
0.0003153870003687137
0.0003139756444823561
0.0003097008660716988
0.00030258586090276706
0.00029279312158822816
0.00028039132579637307
0.0002653374011457191
0.0002478232856590072
0.00022824520430591165
0.00020668718197424955
0.00018297811429281868
0.00015745852966716597
0.0001309649920809054
0.00010361253023725041
0.0000745720797543178
0.00004394318153255448
0.000015719852346997374
0.000026676768546627414
0.0000745720797543178
0.00012654966902577537
0.00017583164438548433
0.00022224908379120598
0.00026720891894544936
0.00031051594482821114
0.0003507505028273939
0.0003873347123587655
0.0004205589394898385
0.0004502805930285983
0.0004758272746868756
0.0004968732634531154
0.0005134916536494655
0.0005255658984903151
0.0005328202461605085
0.0005352153331808058
0.0005328202461605085
0.0005255658984903151
0.0005134916536494655
0.0004968732634531154
0.0004758272746868756
0.0004502805930285983
0.0004205589394898385
0.0003873347123587655
0.0003507505028273939
0.00031051594482821114
0.00026720891894544936
0.00022224908379120598
0.00017583164438548433
0.00012654966902577537
0.0000745720797543178
0.000026676768546627414
0.000037065447239447853
0.00010361253023725041
0.00017583164438548433
0.0002443053972824406
0.0003087990839250289
0.0003712675345130804
0.0004314395257401754
0.00048734254428286735
0.0005381736667185489
0.0005843363357706784
0.0006256324312548268
0.0006611277042108745
0.0006903695887687286
0.0007134596442209377
0.0007302359372086902
0.0007403153304588955
0.0007436431312541661
0.0007403153304588955
0.0007302359372086902
0.0007134596442209377
0.0006903695887687286
0.0006611277042108745
0.0006256324312548268
0.0005843363357706784
0.0005381736667185489
0.00048734254428286735
0.0004314395257401754
0.0003712675345130804
0.0003087990839250289
0.0002443053972824406
0.00017583164438548433
0.00010361253023725041
0.000037065447239447853
0.000046850279527719826
0.0001309649920809054
0.00022224908379120598
0.0003087990839250289
0.0003903183281812447
0.0004692776984218657
0.0005453343716495567
0.0006159951147467291
0.0006802450421638981
0.0007385941006513442
0.0007907918686787234
0.0008356574667965762
0.0008726188571880763
0.0009018044095775599
0.000923009442147048
0.0009357496739913128
0.000939955974173361
0.0009357496739913128
0.000923009442147048
0.0009018044095775599
0.0008726188571880763
0.0008356574667965762
0.0007907918686787234
0.0007385941006513442
0.0006802450421638981
0.0006159951147467291
0.0005453343716495567
0.0004692776984218657
0.0003903183281812447
0.0003087990839250289
0.00022224908379120598
0.0001309649920809054
0.000046850279527719826
0.00005632784770737255
0.00015745852966716597
0.00026720891894544936
0.0003712675345130804
0.0004692776984218657
0.0005642101390992417
0.000655652682236343
0.00074060772660726
0.0008178550805877791
0.000888007850506789
0.0009507649558591991
0.0010047066314171293
0.0010491451190849208
0.0010842347571153128
0.0011097294576217908
0.0011250469721876487
0.0011301041850464478
0.0011250469721876487
0.0011097294576217908
0.0010842347571153128
0.0010491451190849208
0.0010047066314171293
0.0009507649558591991
0.000888007850506789
0.0008178550805877791
0.00074060772660726
0.000655652682236343
0.0005642101390992417
0.0004692776984218657
0.0003712675345130804
0.00026720891894544936
0.00015745852966716597
0.00005632784770737255
0.00006545700240853524
0.00018297811429281868
0.00031051594482821114
0.0004314395257401754
0.0005453343716495567
0.000655652682236343
0.0007619154813665928
0.0008606393412394864
0.0009504063115988739
0.0010319288660094346
0.0011048571273118406
0.0011675412263965233
0.0012191819389871016
0.0012599586172120957
0.0012895852892824899
0.0013073853407426293
0.0013132621851056274
0.0013073853407426293
0.0012895852892824899
0.0012599586172120957
0.0012191819389871016
0.0011675412263965233
0.0011048571273118406
0.0010319288660094346
0.0009504063115988739
0.0008606393412394864
0.0007619154813665928
0.000655652682236343
0.0005453343716495567
0.0004314395257401754
0.00031051594482821114
0.00018297811429281868
0.00006545700240853524
0.00007393847849284994
0.00020668718197424955
0.0003507505028273939
0.00048734254428286735
0.0006159951147467291
0.00074060772660726
0.0008606393412394864
0.0009721551718054038
0.0010735535396356488
0.0011656392358052835
0.0012480170484367673
0.001318823329529348
0.0013771552967252066
0.0014232155413898089
0.0014566810374420068
0.0014767874992968127
0.0014834258254429959
0.0014767874992968127
0.0014566810374420068
0.0014232155413898089
0.0013771552967252066
0.001318823329529348
0.0012480170484367673
0.0011656392358052835
0.0010735535396356488
0.0009721551718054038
0.0008606393412394864
0.00074060772660726
0.0006159951147467291
0.00048734254428286735
0.0003507505028273939
0.00020668718197424955
0.00007393847849284994
0.00008165045828420713
0.00022824520430591165
0.0003873347123587655
0.0005381736667185489
0.0006802450421638981
0.0008178550805877791
0.0009504063115988739
0.0010735535396356488
0.0011855280266872144
0.0012872185056764193
0.0013781885430766566
0.0014563801074482265
0.0015207962538343301
0.0015716607044182185
0.0016086167406400692
0.0016308203598973628
0.0016381510811013203
0.0016308203598973628
0.0016086167406400692
0.0015716607044182185
0.0015207962538343301
0.0014563801074482265
0.0013781885430766566
0.0012872185056764193
0.0011855280266872144
0.0010735535396356488
0.0009504063115988739
0.0008178550805877791
0.0006802450421638981
0.0005381736667185489
0.0003873347123587655
0.00022824520430591165
0.00008165045828420713
0.00008865415117522283
0.0002478232856590072
0.0004205589394898385
0.0005843363357706784
0.0007385941006513442
0.000888007850506789
0.0010319288660094346
0.0011656392358052835
0.0012872185056764193
0.0013976316409708913
0.0014964047724091041
0.001581303337758187
0.0016512448775834875
0.001706472304180564
0.001746598300909754
0.0017707064695549498
0.0017786659945777843
0.0017707064695549498
0.001746598300909754
0.001706472304180564
0.0016512448775834875
0.001581303337758187
0.0014964047724091041
0.0013976316409708913
0.0012872185056764193
0.0011656392358052835
0.0010319288660094346
0.000888007850506789
0.0007385941006513442
0.0005843363357706784
0.0004205589394898385
0.0002478232856590072
0.00008865415117522283
0.00009491949883184179
0.0002653374011457191
0.0004502805930285983
0.0006256324312548268
0.0007907918686787234
0.0009507649558591991
0.0011048571273118406
0.0012480170484367673
0.0013781885430766566
0.0014964047724091041
0.0016021583779637538
0.001693056876992297
0.001767941310712985
0.0018270717584683962
0.0018700335312581999
0.0018958454673629478
0.0019043675062758658
0.0018958454673629478
0.0018700335312581999
0.0018270717584683962
0.001767941310712985
0.001693056876992297
0.0016021583779637538
0.0014964047724091041
0.0013781885430766566
0.0012480170484367673
0.0011048571273118406
0.0009507649558591991
0.0007907918686787234
0.0006256324312548268
0.0004502805930285983
0.0002653374011457191
0.00009491949883184179
0.00010030475917253401
0.00028039132579637307
0.0004758272746868756
0.0006611277042108745
0.0008356574667965762
0.0010047066314171293
0.0011675412263965233
0.001318823329529348
0.0014563801074482265
0.001581303337758187
0.001693056876992297
0.001789112504828632
0.0018682455089275272
0.0019307307242401157
0.0019761299343743857
0.0020034063113741245
0.002012411848395907
0.0020034063113741245
0.0019761299343743857
0.0019307307242401157
0.0018682455089275272
0.001789112504828632
0.001693056876992297
0.001581303337758187
0.0014563801074482265
0.001318823329529348
0.0011675412263965233
0.0010047066314171293
0.0008356574667965762
0.0006611277042108745
0.0004758272746868756
0.00028039132579637307
0.00010030475917253401
0.00010474126995501221
0.00029279312158822816
0.0004968732634531154
0.0006903695887687286
0.0008726188571880763
0.0010491451190849208
0.0012191819389871016
0.0013771552967252066
0.0015207962538343301
0.0016512448775834875
0.001767941310712985
0.0018682455089275272
0.001950878590478687
0.0020161275463532057
0.0020635347777113763
0.002092017597373104
0.0021014214521061173
0.002092017597373104
0.0020635347777113763
0.0020161275463532057
0.001950878590478687
0.0018682455089275272
0.001767941310712985
0.0016512448775834875
0.0015207962538343301
0.0013771552967252066
0.0012191819389871016
0.0010491451190849208
0.0008726188571880763
0.0006903695887687286
0.0004968732634531154
0.00029279312158822816
0.00010474126995501221
0.00010824443951917186
0.00030258586090276706
0.0005134916536494655
0.0007134596442209377
0.0009018044095775599
0.0010842347571153128
0.0012599586172120957
0.0014232155413898089
0.0015716607044182185
0.001706472304180564
0.0018270717584683962
0.0019307307242401157
0.0020161275463532057
0.002083558814475905
0.00213255162494808
0.0021619870791060604
0.002171705454540423
0.0021619870791060604
0.00213255162494808
0.002083558814475905
0.0020161275463532057
0.0019307307242401157
0.0018270717584683962
0.001706472304180564
0.0015716607044182185
0.0014232155413898089
0.0012599586172120957
0.0010842347571153128
0.0009018044095775599
0.0007134596442209377
0.0005134916536494655
0.00030258586090276706
0.00010824443951917186
0.00011078969971206142
0.0003097008660716988
0.0005255658984903151
0.0007302359372086902
0.000923009442147048
0.0011097294576217908
0.0012895852892824899
0.0014566810374420068
0.0016086167406400692
0.001746598300909754
0.0018700335312581999
0.0019761299343743857
0.0020635347777113763
0.00213255162494808
0.0021826964525657696
0.0022128240521130252
0.002222770945467038
0.0022128240521130252
0.0021826964525657696
0.00213255162494808
0.0020635347777113763
0.0019761299343743857
0.0018700335312581999
0.001746598300909754
0.0016086167406400692
0.0014566810374420068
0.0012895852892824899
0.0011097294576217908
0.000923009442147048
0.0007302359372086902
0.0005255658984903151
0.0003097008660716988
0.00011078969971206142
0.00011231892183681544
0.0003139756444823561
0.0005328202461605085
0.0007403153304588955
0.0009357496739913128
0.0011250469721876487
0.0013073853407426293
0.0014767874992968127
0.0016308203598973628
0.0017707064695549498
0.0018958454673629478
0.0020034063113741245
0.002092017597373104
0.0021619870791060604
0.0022128240521130252
0.002243367500714057
0.00225345169030977
0.002243367500714057
0.0022128240521130252
0.0021619870791060604
0.002092017597373104
0.0020034063113741245
0.0018958454673629478
0.0017707064695549498
0.0016308203598973628
0.0014767874992968127
0.0013073853407426293
0.0011250469721876487
0.0009357496739913128
0.0007403153304588955
0.0005328202461605085
0.0003139756444823561
0.00011231892183681544
0.0001128238080414288
0.0003153870003687137
0.0005352153331808058
0.0007436431312541661
0.000939955974173361
0.0011301041850464478
0.0013132621851056274
0.0014834258254429959
0.0016381510811013203
0.0017786659945777843
0.0019043675062758658
0.002012411848395907
0.0021014214521061173
0.002171705454540423
0.002222770945467038
0.00225345169030977
0.0022635812094735403
0.00225345169030977
0.002222770945467038
0.002171705454540423
0.0021014214521061173
0.002012411848395907
0.0019043675062758658
0.0017786659945777843
0.0016381510811013203
0.0014834258254429959
0.0013132621851056274
0.0011301041850464478
0.000939955974173361
0.0007436431312541661
0.0005352153331808058
0.0003153870003687137
0.0001128238080414288
0.00011231892183681544
0.0003139756444823561
0.0005328202461605085
0.0007403153304588955
0.0009357496739913128
0.0011250469721876487
0.0013073853407426293
0.0014767874992968127
0.0016308203598973628
0.0017707064695549498
0.0018958454673629478
0.0020034063113741245
0.002092017597373104
0.0021619870791060604
0.0022128240521130252
0.002243367500714057
0.00225345169030977
0.002243367500714057
0.0022128240521130252
0.0021619870791060604
0.002092017597373104
0.0020034063113741245
0.0018958454673629478
0.0017707064695549498
0.0016308203598973628
0.0014767874992968127
0.0013073853407426293
0.0011250469721876487
0.0009357496739913128
0.0007403153304588955
0.0005328202461605085
0.0003139756444823561
0.00011231892183681544
0.00011078969971206142
0.0003097008660716988
0.0005255658984903151
0.0007302359372086902
0.000923009442147048
0.0011097294576217908
0.0012895852892824899
0.0014566810374420068
0.0016086167406400692
0.001746598300909754
0.0018700335312581999
0.0019761299343743857
0.0020635347777113763
0.00213255162494808
0.0021826964525657696
0.0022128240521130252
0.002222770945467038
0.0022128240521130252
0.0021826964525657696
0.00213255162494808
0.0020635347777113763
0.0019761299343743857
0.0018700335312581999
0.001746598300909754
0.0016086167406400692
0.0014566810374420068
0.0012895852892824899
0.0011097294576217908
0.000923009442147048
0.0007302359372086902
0.0005255658984903151
0.0003097008660716988
0.00011078969971206142
0.00010824443951917186
0.00030258586090276706
0.0005134916536494655
0.0007134596442209377
0.0009018044095775599
0.0010842347571153128
0.0012599586172120957
0.0014232155413898089
0.0015716607044182185
0.001706472304180564
0.0018270717584683962
0.0019307307242401157
0.0020161275463532057
0.002083558814475905
0.00213255162494808
0.0021619870791060604
0.002171705454540423
0.0021619870791060604
0.00213255162494808
0.002083558814475905
0.0020161275463532057
0.0019307307242401157
0.0018270717584683962
0.001706472304180564
0.0015716607044182185
0.0014232155413898089
0.0012599586172120957
0.0010842347571153128
0.0009018044095775599
0.0007134596442209377
0.0005134916536494655
0.00030258586090276706
0.00010824443951917186
0.00010474126995501221
0.00029279312158822816
0.0004968732634531154
0.0006903695887687286
0.0008726188571880763
0.0010491451190849208
0.0012191819389871016
0.0013771552967252066
0.0015207962538343301
0.0016512448775834875
0.001767941310712985
0.0018682455089275272
0.001950878590478687
0.0020161275463532057
0.0020635347777113763
0.002092017597373104
0.0021014214521061173
0.002092017597373104
0.0020635347777113763
0.0020161275463532057
0.001950878590478687
0.0018682455089275272
0.001767941310712985
0.0016512448775834875
0.0015207962538343301
0.0013771552967252066
0.0012191819389871016
0.0010491451190849208
0.0008726188571880763
0.0006903695887687286
0.0004968732634531154
0.00029279312158822816
0.00010474126995501221
0.00010030475917253401
0.00028039132579637307
0.0004758272746868756
0.0006611277042108745
0.0008356574667965762
0.0010047066314171293
0.0011675412263965233
0.001318823329529348
0.0014563801074482265
0.001581303337758187
0.001693056876992297
0.001789112504828632
0.0018682455089275272
0.0019307307242401157
0.0019761299343743857
0.0020034063113741245
0.002012411848395907
0.0020034063113741245
0.0019761299343743857
0.0019307307242401157
0.0018682455089275272
0.001789112504828632
0.001693056876992297
0.001581303337758187
0.0014563801074482265
0.001318823329529348
0.0011675412263965233
0.0010047066314171293
0.0008356574667965762
0.0006611277042108745
0.0004758272746868756
0.00028039132579637307
0.00010030475917253401
0.00009491949883184179
0.0002653374011457191
0.0004502805930285983
0.0006256324312548268
0.0007907918686787234
0.0009507649558591991
0.0011048571273118406
0.0012480170484367673
0.0013781885430766566
0.0014964047724091041
0.0016021583779637538
0.001693056876992297
0.001767941310712985
0.0018270717584683962
0.0018700335312581999
0.0018958454673629478
0.0019043675062758658
0.0018958454673629478
0.0018700335312581999
0.0018270717584683962
0.001767941310712985
0.001693056876992297
0.0016021583779637538
0.0014964047724091041
0.0013781885430766566
0.0012480170484367673
0.0011048571273118406
0.0009507649558591991
0.0007907918686787234
0.0006256324312548268
0.0004502805930285983
0.0002653374011457191
0.00009491949883184179
0.00008865415117522283
0.0002478232856590072
0.0004205589394898385
0.0005843363357706784
0.0007385941006513442
0.000888007850506789
0.0010319288660094346
0.0011656392358052835
0.0012872185056764193
0.0013976316409708913
0.0014964047724091041
0.001581303337758187
0.0016512448775834875
0.001706472304180564
0.001746598300909754
0.0017707064695549498
0.0017786659945777843
0.0017707064695549498
0.001746598300909754
0.001706472304180564
0.0016512448775834875
0.001581303337758187
0.0014964047724091041
0.0013976316409708913
0.0012872185056764193
0.0011656392358052835
0.0010319288660094346
0.000888007850506789
0.0007385941006513442
0.0005843363357706784
0.0004205589394898385
0.0002478232856590072
0.00008865415117522283
0.00008165045828420713
0.00022824520430591165
0.0003873347123587655
0.0005381736667185489
0.0006802450421638981
0.0008178550805877791
0.0009504063115988739
0.0010735535396356488
0.0011855280266872144
0.0012872185056764193
0.0013781885430766566
0.0014563801074482265
0.0015207962538343301
0.0015716607044182185
0.0016086167406400692
0.0016308203598973628
0.0016381510811013203
0.0016308203598973628
0.0016086167406400692
0.0015716607044182185
0.0015207962538343301
0.0014563801074482265
0.0013781885430766566
0.0012872185056764193
0.0011855280266872144
0.0010735535396356488
0.0009504063115988739
0.0008178550805877791
0.0006802450421638981
0.0005381736667185489
0.0003873347123587655
0.00022824520430591165
0.00008165045828420713
0.00007393847849284994
0.00020668718197424955
0.0003507505028273939
0.00048734254428286735
0.0006159951147467291
0.00074060772660726
0.0008606393412394864
0.0009721551718054038
0.0010735535396356488
0.0011656392358052835
0.0012480170484367673
0.001318823329529348
0.0013771552967252066
0.0014232155413898089
0.0014566810374420068
0.0014767874992968127
0.0014834258254429959
0.0014767874992968127
0.0014566810374420068
0.0014232155413898089
0.0013771552967252066
0.001318823329529348
0.0012480170484367673
0.0011656392358052835
0.0010735535396356488
0.0009721551718054038
0.0008606393412394864
0.00074060772660726
0.0006159951147467291
0.00048734254428286735
0.0003507505028273939
0.00020668718197424955
0.00007393847849284994
0.00006545700240853524
0.00018297811429281868
0.00031051594482821114
0.0004314395257401754
0.0005453343716495567
0.000655652682236343
0.0007619154813665928
0.0008606393412394864
0.0009504063115988739
0.0010319288660094346
0.0011048571273118406
0.0011675412263965233
0.0012191819389871016
0.0012599586172120957
0.0012895852892824899
0.0013073853407426293
0.0013132621851056274
0.0013073853407426293
0.0012895852892824899
0.0012599586172120957
0.0012191819389871016
0.0011675412263965233
0.0011048571273118406
0.0010319288660094346
0.0009504063115988739
0.0008606393412394864
0.0007619154813665928
0.000655652682236343
0.0005453343716495567
0.0004314395257401754
0.00031051594482821114
0.00018297811429281868
0.00006545700240853524
0.00005632784770737255
0.00015745852966716597
0.00026720891894544936
0.0003712675345130804
0.0004692776984218657
0.0005642101390992417
0.000655652682236343
0.00074060772660726
0.0008178550805877791
0.000888007850506789
0.0009507649558591991
0.0010047066314171293
0.0010491451190849208
0.0010842347571153128
0.0011097294576217908
0.0011250469721876487
0.0011301041850464478
0.0011250469721876487
0.0011097294576217908
0.0010842347571153128
0.0010491451190849208
0.0010047066314171293
0.0009507649558591991
0.000888007850506789
0.0008178550805877791
0.00074060772660726
0.000655652682236343
0.0005642101390992417
0.0004692776984218657
0.0003712675345130804
0.00026720891894544936
0.00015745852966716597
0.00005632784770737255
0.000046850279527719826
0.0001309649920809054
0.00022224908379120598
0.0003087990839250289
0.0003903183281812447
0.0004692776984218657
0.0005453343716495567
0.0006159951147467291
0.0006802450421638981
0.0007385941006513442
0.0007907918686787234
0.0008356574667965762
0.0008726188571880763
0.0009018044095775599
0.000923009442147048
0.0009357496739913128
0.000939955974173361
0.0009357496739913128
0.000923009442147048
0.0009018044095775599
0.0008726188571880763
0.0008356574667965762
0.0007907918686787234
0.0007385941006513442
0.0006802450421638981
0.0006159951147467291
0.0005453343716495567
0.0004692776984218657
0.0003903183281812447
0.0003087990839250289
0.00022224908379120598
0.0001309649920809054
0.000046850279527719826
0.000037065447239447853
0.00010361253023725041
0.00017583164438548433
0.0002443053972824406
0.0003087990839250289
0.0003712675345130804
0.0004314395257401754
0.00048734254428286735
0.0005381736667185489
0.0005843363357706784
0.0006256324312548268
0.0006611277042108745
0.0006903695887687286
0.0007134596442209377
0.0007302359372086902
0.0007403153304588955
0.0007436431312541661
0.0007403153304588955
0.0007302359372086902
0.0007134596442209377
0.0006903695887687286
0.0006611277042108745
0.0006256324312548268
0.0005843363357706784
0.0005381736667185489
0.00048734254428286735
0.0004314395257401754
0.0003712675345130804
0.0003087990839250289
0.0002443053972824406
0.00017583164438548433
0.00010361253023725041
0.000037065447239447853
0.000026676768546627414
0.0000745720797543178
0.00012654966902577537
0.00017583164438548433
0.00022224908379120598
0.00026720891894544936
0.00031051594482821114
0.0003507505028273939
0.0003873347123587655
0.0004205589394898385
0.0004502805930285983
0.0004758272746868756
0.0004968732634531154
0.0005134916536494655
0.0005255658984903151
0.0005328202461605085
0.0005352153331808058
0.0005328202461605085
0.0005255658984903151
0.0005134916536494655
0.0004968732634531154
0.0004758272746868756
0.0004502805930285983
0.0004205589394898385
0.0003873347123587655
0.0003507505028273939
0.00031051594482821114
0.00026720891894544936
0.00022224908379120598
0.00017583164438548433
0.00012654966902577537
0.0000745720797543178
0.000026676768546627414
0.000015719852346997374
0.00004394318153255448
0.0000745720797543178
0.00010361253023725041
0.0001309649920809054
0.00015745852966716597
0.00018297811429281868
0.00020668718197424955
0.00022824520430591165
0.0002478232856590072
0.0002653374011457191
0.00028039132579637307
0.00029279312158822816
0.00030258586090276706
0.0003097008660716988
0.0003139756444823561
0.0003153870003687137
0.0003139756444823561
0.0003097008660716988
0.00030258586090276706
0.00029279312158822816
0.00028039132579637307
0.0002653374011457191
0.0002478232856590072
0.00022824520430591165
0.00020668718197424955
0.00018297811429281868
0.00015745852966716597
0.0001309649920809054
0.00010361253023725041
0.0000745720797543178
0.00004394318153255448
0.000015719852346997374
5.623483534716968e-6
0.000015719852346997374
0.000026676768546627414
0.000037065447239447853
0.000046850279527719826
0.00005632784770737255
0.00006545700240853524
0.00007393847849284994
0.00008165045828420713
0.00008865415117522283
0.00009491949883184179
0.00010030475917253401
0.00010474126995501221
0.00010824443951917186
0.00011078969971206142
0.00011231892183681544
0.0001128238080414288
0.00011231892183681544
0.00011078969971206142
0.00010824443951917186
0.00010474126995501221
0.00010030475917253401
0.00009491949883184179
0.00008865415117522283
0.00008165045828420713
0.00007393847849284994
0.00006545700240853524
0.00005632784770737255
0.000046850279527719826
0.000037065447239447853
0.000026676768546627414
0.000015719852346997374
5.623483534716968e-6