0.00013150724893166654
0.00036175936519668145
0.0006008481575568726
0.000806481950851547
0.0009690444566932686
0.00109143795070156
0.0011721838275465504
0.0012011350903083366
0.0011721838275465504
0.00109143795070156
0.0009690444566932686
0.000806481950851547
0.0006008481575568726
0.00036175936519668145
0.00013150724893166654
0.00036175936519668145
0.0009951530381074902
0.00165285525948699
0.0022185271226701467
0.0026657154670072787
0.0030024040758584187
0.0032245254979624692
0.003304166662411041
0.0032245254979624692
0.0030024040758584187
0.0026657154670072787
0.0022185271226701467
0.00165285525948699
0.0009951530381074902
0.00036175936519668145
0.0006008481575568726
0.00165285525948699
0.002745236565834328
0.00368476413436203
0.004427501762259489
0.004986709760063798
0.005355632475174631
0.005487908931648929
0.005355632475174631
0.004986709760063798
0.004427501762259489
0.00368476413436203
0.002745236565834328
0.00165285525948699
0.0006008481575568726
0.000806481950851547
0.0022185271226701467
0.00368476413436203
0.0049458348671508065
0.005942766427286107
0.006693357323386705
0.007188539853704895
0.007366086498938675
0.007188539853704895
0.006693357323386705
0.005942766427286107
0.0049458348671508065
0.00368476413436203
0.0022185271226701467
0.000806481950851547
0.0009690444566932686
0.0026657154670072787
0.004427501762259489
0.005942766427286107
0.007140649406603413
0.008042536852866431
0.008637533288371925
0.008850867997458245
0.008637533288371925
0.008042536852866431
0.007140649406603413
0.005942766427286107
0.004427501762259489
0.0026657154670072787
0.0009690444566932686
0.00109143795070156
0.0030024040758584187
0.004986709760063798
0.006693357323386705
0.008042536852866431
0.009058335642399518
0.009728482079704205
0.009968761662431736
0.009728482079704205
0.009058335642399518
0.008042536852866431
0.006693357323386705
0.004986709760063798
0.0030024040758584187
0.00109143795070156
0.0011721838275465504
0.0032245254979624692
0.005355632475174631
0.007188539853704895
0.008637533288371925
0.009728482079704205
0.010448206746957678
0.010706262498804865
0.010448206746957678
0.009728482079704205
0.008637533288371925
0.007188539853704895
0.005355632475174631
0.0032245254979624692
0.0011721838275465504
0.0012011350903083366
0.003304166662411041
0.005487908931648929
0.007366086498938675
0.008850867997458245
0.009968761662431736
0.010706262498804865
0.010970691858360459
0.010706262498804865
0.009968761662431736
0.008850867997458245
0.007366086498938675
0.005487908931648929
0.003304166662411041
0.0012011350903083366
0.0011721838275465504
0.0032245254979624692
0.005355632475174631
0.007188539853704895
0.008637533288371925
0.009728482079704205
0.010448206746957678
0.010706262498804865
0.010448206746957678
0.009728482079704205
0.008637533288371925
0.007188539853704895
0.005355632475174631
0.0032245254979624692
0.0011721838275465504
0.00109143795070156
0.0030024040758584187
0.004986709760063798
0.006693357323386705
0.008042536852866431
0.009058335642399518
0.009728482079704205
0.009968761662431736
0.009728482079704205
0.009058335642399518
0.008042536852866431
0.006693357323386705
0.004986709760063798
0.0030024040758584187
0.00109143795070156
0.0009690444566932686
0.0026657154670072787
0.004427501762259489
0.005942766427286107
0.007140649406603413
0.008042536852866431
0.008637533288371925
0.008850867997458245
0.008637533288371925
0.008042536852866431
0.007140649406603413
0.005942766427286107
0.004427501762259489
0.0026657154670072787
0.0009690444566932686
0.000806481950851547
0.0022185271226701467
0.00368476413436203
0.0049458348671508065
0.005942766427286107
0.006693357323386705
0.007188539853704895
0.007366086498938675
0.007188539853704895
0.006693357323386705
0.005942766427286107
0.0049458348671508065
0.00368476413436203
0.0022185271226701467
0.000806481950851547
0.0006008481575568726
0.00165285525948699
0.002745236565834328
0.00368476413436203
0.004427501762259489
0.004986709760063798
0.005355632475174631
0.005487908931648929
0.005355632475174631
0.004986709760063798
0.004427501762259489
0.00368476413436203
0.002745236565834328
0.00165285525948699
0.0006008481575568726
0.00036175936519668145
0.0009951530381074902
0.00165285525948699
0.0022185271226701467
0.0026657154670072787
0.0030024040758584187
0.0032245254979624692
0.003304166662411041
0.0032245254979624692
0.0030024040758584187
0.0026657154670072787
0.0022185271226701467
0.00165285525948699
0.0009951530381074902
0.00036175936519668145
0.00013150724893166654
0.00036175936519668145
0.0006008481575568726
0.000806481950851547
0.0009690444566932686
0.00109143795070156
0.0011721838275465504
0.0012011350903083366
0.0011721838275465504
0.00109143795070156
0.0009690444566932686
0.000806481950851547
0.0006008481575568726
0.00036175936519668145
0.00013150724893166654