0.0004533074634676202
0.001226717330841813
0.0019885895960249805
0.0025659971458818756
0.002904625073141493
0.003012545156825358
0.002904625073141493
0.0025659971458818756
0.0019885895960249805
0.001226717330841813
0.0004533074634676202
0.001226717330841813
0.0033196793149538615
0.005381418833731186
0.006943969432280854
0.007860346903542334
0.008152394680537191
0.007860346903542334
0.006943969432280854
0.005381418833731186
0.0033196793149538615
0.001226717330841813
0.0019885895960249805
0.005381418833731186
0.008723634398535034
0.011256631842539647
0.012742140084386806
0.013215568767811093
0.012742140084386806
0.011256631842539647
0.008723634398535034
0.005381418833731186
0.0019885895960249805
0.0025659971458818756
0.006943969432280854
0.011256631842539647
0.014525111283865397
0.016441952202868138
0.017052845799452192
0.016441952202868138
0.014525111283865397
0.011256631842539647
0.006943969432280854
0.0025659971458818756
0.002904625073141493
0.007860346903542334
0.012742140084386806
0.016441952202868138
0.01861175360093066
0.019303265226540755
0.01861175360093066
0.016441952202868138
0.012742140084386806
0.007860346903542334
0.002904625073141493
0.003012545156825358
0.008152394680537191
0.013215568767811093
0.017052845799452192
0.019303265226540755
0.020020469666412584
0.019303265226540755
0.017052845799452192
0.013215568767811093
0.008152394680537191
0.003012545156825358
0.002904625073141493
0.007860346903542334
0.012742140084386806
0.016441952202868138
0.01861175360093066
0.019303265226540755
0.01861175360093066
0.016441952202868138
0.012742140084386806
0.007860346903542334
0.002904625073141493
0.0025659971458818756
0.006943969432280854
0.011256631842539647
0.014525111283865397
0.016441952202868138
0.017052845799452192
0.016441952202868138
0.014525111283865397
0.011256631842539647
0.006943969432280854
0.0025659971458818756
0.0019885895960249805
0.005381418833731186
0.008723634398535034
0.011256631842539647
0.012742140084386806
0.013215568767811093
0.012742140084386806
0.011256631842539647
0.008723634398535034
0.005381418833731186
0.0019885895960249805
0.001226717330841813
0.0033196793149538615
0.005381418833731186
0.006943969432280854
0.007860346903542334
0.008152394680537191
0.007860346903542334
0.006943969432280854
0.005381418833731186
0.0033196793149538615
0.001226717330841813
0.0004533074634676202
0.001226717330841813
0.0019885895960249805
0.0025659971458818756
0.002904625073141493
0.003012545156825358
0.002904625073141493
0.0025659971458818756
0.0019885895960249805
0.001226717330841813
0.0004533074634676202