2.361729218688511e-6
6.608412350797354e-6
0.000011238688923137843
0.00001566634317941434
0.000019887726112187258
0.00002404103917656066
0.00002812342146597271
0.00003201819265748758
0.000035680328116084606
0.00003914560323973354
0.000042411694285128315
0.00004542095983141721
0.00004814249271524247
0.00005058703646631062
0.000052749360852785044
0.00005459792984068057
0.00005611648518979065
0.00005730917787785357
0.00005817102787550577
0.000058688442633054305
0.00005885967524455992
0.000058688442633054305
0.00005817102787550577
0.00005730917787785357
0.00005611648518979065
0.00005459792984068057
0.000052749360852785044
0.00005058703646631062
0.00004814249271524247
0.00004542095983141721
0.000042411694285128315
0.00003914560323973354
0.000035680328116084606
0.00003201819265748758
0.00002812342146597271
0.00002404103917656066
0.000019887726112187258
0.00001566634317941434
0.000011238688923137843
6.608412350797354e-6
2.361729218688511e-6
6.608412350797354e-6
0.00001849116039747434
0.00003144725064106895
0.000043836378421131
0.0000556483333606024
0.00006726982033469957
0.00007869283417072609
0.00008959088880030353
0.00009983799968980866
0.00010953427085621656
0.00011867320017648854
0.00012709349977966134
0.00013470868757522038
0.0001415488252966794
0.0001475992781042807
0.00015277180424921
0.0001570209111514827
0.00016035821376353979
0.0001627697773432893
0.00016421756824463882
0.00016469669840730894
0.00016421756824463882
0.0001627697773432893
0.00016035821376353979
0.0001570209111514827
0.00015277180424921
0.0001475992781042807
0.0001415488252966794
0.00013470868757522038
0.00012709349977966134
0.00011867320017648854
0.00010953427085621656
0.00009983799968980866
0.00008959088880030353
0.00007869283417072609
0.00006726982033469957
0.0000556483333606024
0.000043836378421131
0.00003144725064106895
0.00001849116039747434
6.608412350797354e-6
0.000011238688923137843
0.00003144725064106895
0.00005348120678339292
0.0000745509502796992
0.00009463911670938989
0.00011440336112891637
0.00013383006942933163
0.00015236399851055866
0.00016979089101283284
0.00018628099023318504
0.00020182323824509787
0.0002161433385742279
0.0002290942142433646
0.00024072699016020394
0.0002510167773797548
0.00025981350633729996
0.00026703980944019857
0.0002727154398198251
0.000276816699162079
0.0002792789050146017
0.00028009374442928994
0.0002792789050146017
0.000276816699162079
0.0002727154398198251
0.00026703980944019857
0.00025981350633729996
0.0002510167773797548
0.00024072699016020394
0.0002290942142433646
0.0002161433385742279
0.00020182323824509787
0.00018628099023318504
0.00016979089101283284
0.00015236399851055866
0.00013383006942933163
0.00011440336112891637
0.00009463911670938989
0.0000745509502796992
0.00005348120678339292
0.00003144725064106895
0.000011238688923137843
0.00001566634317941434
0.000043836378421131
0.0000745509502796992
0.00010392144309899932
0.00013192365147802243
0.00015947432379182438
0.00018655448244396983
0.00021239013778021185
0.00023668262246045907
0.0002596692497454949
0.00028133460526867405
0.0003012963292432494
0.0003193494014560512
0.0003355650882580264
0.0003499086953217254
0.0003621710308706229
0.0003722442471597048
0.0003801558793700849
0.0003858728928725451
0.0003893051225683567
0.00039044098049572913
0.0003893051225683567
0.0003858728928725451
0.0003801558793700849
0.0003722442471597048
0.0003621710308706229
0.0003499086953217254
0.0003355650882580264
0.0003193494014560512
0.0003012963292432494
0.00028133460526867405
0.0002596692497454949
0.00023668262246045907
0.00021239013778021185
0.00018655448244396983
0.00015947432379182438
0.00013192365147802243
0.00010392144309899932
0.0000745509502796992
0.000043836378421131
0.00001566634317941434
0.000019887726112187258
0.0000556483333606024
0.00009463911670938989
0.00013192365147802243
0.00016747120998613531
0.00020244556353556374
0.00023682262091141143
0.00026961983666059803
0.00030045806587417013
0.0003296385671853136
0.0003571417727409229
0.0003824822937921334
0.00040539986629389716
0.0004259849597101099
0.00044419353113464734
0.00045976002090825687
0.0004725475211137499
0.000482590986439286
0.0004898484808918527
0.0004942055438875179
0.0004956474650240101
0.0004942055438875179
0.0004898484808918527
0.000482590986439286
0.0004725475211137499
0.00045976002090825687
0.00044419353113464734
0.0004259849597101099
0.00040539986629389716
0.0003824822937921334
0.0003571417727409229
0.0003296385671853136
0.00030045806587417013
0.00026961983666059803
0.00023682262091141143
0.00020244556353556374
0.00016747120998613531
0.00013192365147802243
0.00009463911670938989
0.0000556483333606024
0.000019887726112187258
0.00002404103917656066
0.00006726982033469957
0.00011440336112891637
0.00015947432379182438
0.00020244556353556374
0.0002447238913400399
0.00028628018482907634
0.0003259267057164052
0.0003632051292263168
0.00039847962824423016
0.0004317265484056163
0.00046235913334318157
0.0004900627659876869
0.0005149468092654684
0.0005369580224377099
0.0005557753868954568
0.0005712334031450944
0.000583374325742157
0.0005921474608644727
0.0005974144442080002
0.000599157493279391
0.0005974144442080002
0.0005921474608644727
0.000583374325742157
0.0005712334031450944
0.0005557753868954568
0.0005369580224377099
0.0005149468092654684
0.0004900627659876869
0.00046235913334318157
0.0004317265484056163
0.00039847962824423016
0.0003632051292263168
0.0003259267057164052
0.00028628018482907634
0.0002447238913400399
0.00020244556353556374
0.00015947432379182438
0.00011440336112891637
0.00006726982033469957
0.00002404103917656066
0.00002812342146597271
0.00007869283417072609
0.00013383006942933163
0.00018655448244396983
0.00023682262091141143
0.00028628018482907634
0.00033489310658227925
0.0003812719593591979
0.0004248805907605571
0.00046614501346691953
0.0005050375563922612
0.000540871826719115
0.0005732797826014682
0.0006023893577632966
0.0006281382707147739
0.000650150991031789
0.0006682339159346471
0.0006824364751782525
0.0006926993666785237
0.0006988607306418879
0.0007008997649494558
0.0006988607306418879
0.0006926993666785237
0.0006824364751782525
0.0006682339159346471
0.000650150991031789
0.0006281382707147739
0.0006023893577632966
0.0005732797826014682
0.000540871826719115
0.0005050375563922612
0.00046614501346691953
0.0004248805907605571
0.0003812719593591979
0.00033489310658227925
0.00028628018482907634
0.00023682262091141143
0.00018655448244396983
0.00013383006942933163
0.00007869283417072609
0.00002812342146597271
0.00003201819265748758
0.00008959088880030353
0.00015236399851055866
0.00021239013778021185
0.00026961983666059803
0.0003259267057164052
0.0003812719593591979
0.0004340737511056728
0.00048372167760094177
0.000530700749393856
0.0005749794632704688
0.0006157763688836035
0.0006526724548144003
0.0006858133721397239
0.0007151282140980108
0.0007401894436101577
0.0007607766461328349
0.0007769460968748557
0.0007886302810939116
0.000795644923272161
0.0007979663404359271
0.000795644923272161
0.0007886302810939116
0.0007769460968748557
0.0007607766461328349
0.0007401894436101577
0.0007151282140980108
0.0006858133721397239
0.0006526724548144003
0.0006157763688836035
0.0005749794632704688
0.000530700749393856
0.00048372167760094177
0.0004340737511056728
0.0003812719593591979
0.0003259267057164052
0.00026961983666059803
0.00021239013778021185
0.00015236399851055866
0.00008959088880030353
0.00003201819265748758
0.000035680328116084606
0.00009983799968980866
0.00016979089101283284
0.00023668262246045907
0.00030045806587417013
0.0003632051292263168
0.0004248805907605571
0.00048372167760094177
0.000539048170466559
0.0005914005538159759
0.0006407437212013565
0.0006862068425576823
0.0007273229813195691
0.0007642544476545078
0.0007969222247190021
0.0008248498751504762
0.000847791774115833
0.0008658106333969878
0.0008788312161376942
0.0008866481699930932
0.0008892351032089541
0.0008866481699930932
0.0008788312161376942
0.0008658106333969878
0.000847791774115833
0.0008248498751504762
0.0007969222247190021
0.0007642544476545078
0.0007273229813195691
0.0006862068425576823
0.0006407437212013565
0.0005914005538159759
0.000539048170466559
0.00048372167760094177
0.0004248805907605571
0.0003632051292263168
0.00030045806587417013
0.00023668262246045907
0.00016979089101283284
0.00009983799968980866
0.000035680328116084606
0.00003914560323973354
0.00010953427085621656
0.00018628099023318504
0.0002596692497454949
0.0003296385671853136
0.00039847962824423016
0.00046614501346691953
0.000530700749393856
0.0005914005538159759
0.0006488374030675627
0.0007029727811609363
0.0007528512829747218
0.0007979606230426199
0.0008384788751031263
0.0008743193481932346
0.0009049593333315894
0.0009301293505898965
0.0009498982023212432
0.0009641833446624102
0.0009727594814392695
0.0009755976577291934
0.0009727594814392695
0.0009641833446624102
0.0009498982023212432
0.0009301293505898965
0.0009049593333315894
0.0008743193481932346
0.0008384788751031263
0.0007979606230426199
0.0007528512829747218
0.0007029727811609363
0.0006488374030675627
0.0005914005538159759
0.000530700749393856
0.00046614501346691953
0.00039847962824423016
0.0003296385671853136
0.0002596692497454949
0.00018628099023318504
0.00010953427085621656
0.00003914560323973354
0.000042411694285128315
0.00011867320017648854
0.00020182323824509787
0.00028133460526867405
0.0003571417727409229
0.0004317265484056163
0.0005050375563922612
0.0005749794632704688
0.0006407437212013565
0.0007029727811609363
0.0007616249136020974
0.0008156649997229133
0.0008645380118118338
0.0009084368810880059
0.0009472676835774451
0.0009804640983735204
0.0010077341616440535
0.0010291524162271604
0.0010446294312595448
0.0010539211131094855
0.0010569960910169244
0.0010539211131094855
0.0010446294312595448
0.0010291524162271604
0.0010077341616440535
0.0009804640983735204
0.0009472676835774451
0.0009084368810880059
0.0008645380118118338
0.0008156649997229133
0.0007616249136020974
0.0007029727811609363
0.0006407437212013565
0.0005749794632704688
0.0005050375563922612
0.0004317265484056163
0.0003571417727409229
0.00028133460526867405
0.00020182323824509787
0.00011867320017648854
0.000042411694285128315
0.00004542095983141721
0.00012709349977966134
0.0002161433385742279
0.0003012963292432494
0.0003824822937921334
0.00046235913334318157
0.000540871826719115
0.0006157763688836035
0.0006862068425576823
0.0007528512829747218
0.0008156649997229133
0.0008735394285179117
0.0009258801603926489
0.0009728938157451733
0.0010144798063504335
0.0010500316287525937
0.0010792366032127965
0.0011021745616574203
0.0011187497277748153
0.0011287006885931962
0.0011319938474818108
0.0011287006885931962
0.0011187497277748153
0.0011021745616574203
0.0010792366032127965
0.0010500316287525937
0.0010144798063504335
0.0009728938157451733
0.0009258801603926489
0.0008735394285179117
0.0008156649997229133
0.0007528512829747218
0.0006862068425576823
0.0006157763688836035
0.000540871826719115
0.00046235913334318157
0.0003824822937921334
0.0003012963292432494
0.0002161433385742279
0.00012709349977966134
0.00004542095983141721
0.00004814249271524247
0.00013470868757522038
0.0002290942142433646
0.0003193494014560512
0.00040539986629389716
0.0004900627659876869
0.0005732797826014682
0.0006526724548144003
0.0007273229813195691
0.0007979606230426199
0.0008645380118118338
0.0009258801603926489
0.0009813570440239602
0.001031187663383974
0.0010752654032027851
0.0011129474195529928
0.0011439022975524365
0.0011682146524965302
0.0011857829693489776
0.0011963301717966281
0.0011998206501659472
0.0011963301717966281
0.0011857829693489776
0.0011682146524965302
0.0011439022975524365
0.0011129474195529928
0.0010752654032027851
0.001031187663383974
0.0009813570440239602
0.0009258801603926489
0.0008645380118118338
0.0007979606230426199
0.0007273229813195691
0.0006526724548144003
0.0005732797826014682
0.0004900627659876869
0.00040539986629389716
0.0003193494014560512
0.0002290942142433646
0.00013470868757522038
0.00004814249271524247
0.00005058703646631062
0.0001415488252966794
0.00024072699016020394
0.0003355650882580264
0.0004259849597101099
0.0005149468092654684
0.0006023893577632966
0.0006858133721397239
0.0007642544476545078
0.0008384788751031263
0.0009084368810880059
0.0009728938157451733
0.001031187663383974
0.0010835485449364522
0.0011298644315016857
0.001169459837300616
0.0012019865191122594
0.0012275333887646768
0.0012459937765664302
0.0012570765370290584
0.0012607442523174632
0.0012570765370290584
0.0012459937765664302
0.0012275333887646768
0.0012019865191122594
0.001169459837300616
0.0011298644315016857
0.0010835485449364522
0.001031187663383974
0.0009728938157451733
0.0009084368810880059
0.0008384788751031263
0.0007642544476545078
0.0006858133721397239
0.0006023893577632966
0.0005149468092654684
0.0004259849597101099
0.0003355650882580264
0.00024072699016020394
0.0001415488252966794
0.00005058703646631062
0.000052749360852785044
0.0001475992781042807
0.0002510167773797548
0.0003499086953217254
0.00044419353113464734
0.0005369580224377099
0.0006281382707147739
0.0007151282140980108
0.0007969222247190021
0.0008743193481932346
0.0009472676835774451
0.0010144798063504335
0.0010752654032027851
0.0011298644315016857
0.0011781600737117847
0.001219447970661257
0.0012533649935999053
0.0012800038548593877
0.0012992533251912886
0.0013108098141996433
0.0013146343046376667
0.0013108098141996433
0.0012992533251912886
0.0012800038548593877
0.0012533649935999053
0.001219447970661257
0.0011781600737117847
0.0011298644315016857
0.0010752654032027851
0.0010144798063504335
0.0009472676835774451
0.0008743193481932346
0.0007969222247190021
0.0007151282140980108
0.0006281382707147739
0.0005369580224377099
0.00044419353113464734
0.0003499086953217254
0.0002510167773797548
0.0001475992781042807
0.000052749360852785044
0.00005459792984068057
0.00015277180424921
0.00025981350633729996
0.0003621710308706229
0.00045976002090825687
0.0005557753868954568
0.000650150991031789
0.0007401894436101577
0.0008248498751504762
0.0009049593333315894
0.0009804640983735204
0.0010500316287525937
0.0011129474195529928
0.001169459837300616
0.001219447970661257
0.001262182776628058
0.0012972884008265607
0.0013248608046352041
0.0013447848608448046
0.001356746339920232
0.0013607048572792252
0.001356746339920232
0.0013447848608448046
0.0013248608046352041
0.0012972884008265607
0.001262182776628058
0.001219447970661257
0.001169459837300616
0.0011129474195529928
0.0010500316287525937
0.0009804640983735204
0.0009049593333315894
0.0008248498751504762
0.0007401894436101577
0.000650150991031789
0.0005557753868954568
0.00045976002090825687
0.0003621710308706229
0.00025981350633729996
0.00015277180424921
0.00005459792984068057
0.00005611648518979065
0.0001570209111514827
0.00026703980944019857
0.0003722442471597048
0.0004725475211137499
0.0005712334031450944
0.0006682339159346471
0.0007607766461328349
0.000847791774115833
0.0009301293505898965
0.0010077341616440535
0.0010792366032127965
0.0011439022975524365
0.0012019865191122594
0.0012533649935999053
0.0012972884008265607
0.0013333704326208467
0.0013617097193756682
0.001382187931800007
0.0013944821005595716
0.0013985507178386092
0.0013944821005595716
0.001382187931800007
0.0013617097193756682
0.0013333704326208467
0.0012972884008265607
0.0012533649935999053
0.0012019865191122594
0.0011439022975524365
0.0010792366032127965
0.0010077341616440535
0.0009301293505898965
0.000847791774115833
0.0007607766461328349
0.0006682339159346471
0.0005712334031450944
0.0004725475211137499
0.0003722442471597048
0.00026703980944019857
0.0001570209111514827
0.00005611648518979065
0.00005730917787785357
0.00016035821376353979
0.0002727154398198251
0.0003801558793700849
0.000482590986439286
0.000583374325742157
0.0006824364751782525
0.0007769460968748557
0.0008658106333969878
0.0009498982023212432
0.0010291524162271604
0.0011021745616574203
0.0011682146524965302
0.0012275333887646768
0.0012800038548593877
0.0013248608046352041
0.0013617097193756682
0.001390651325751597
0.0014115647795161677
0.0014241202469856525
0.0014282753381424254
0.0014241202469856525
0.0014115647795161677
0.001390651325751597
0.0013617097193756682
0.0013248608046352041
0.0012800038548593877
0.0012275333887646768
0.0011682146524965302
0.0011021745616574203
0.0010291524162271604
0.0009498982023212432
0.0008658106333969878
0.0007769460968748557
0.0006824364751782525
0.000583374325742157
0.000482590986439286
0.0003801558793700849
0.0002727154398198251
0.00016035821376353979
0.00005730917787785357
0.00005817102787550577
0.0001627697773432893
0.000276816699162079
0.0003858728928725451
0.0004898484808918527
0.0005921474608644727
0.0006926993666785237
0.0007886302810939116
0.0008788312161376942
0.0009641833446624102
0.0010446294312595448
0.0011187497277748153
0.0011857829693489776
0.0012459937765664302
0.0012992533251912886
0.0013447848608448046
0.001382187931800007
0.0014115647795161677
0.001432792742417762
0.0014455370265831025
0.0014497546045078996
0.0014455370265831025
0.001432792742417762
0.0014115647795161677
0.001382187931800007
0.0013447848608448046
0.0012992533251912886
0.0012459937765664302
0.0011857829693489776
0.0011187497277748153
0.0010446294312595448
0.0009641833446624102
0.0008788312161376942
0.0007886302810939116
0.0006926993666785237
0.0005921474608644727
0.0004898484808918527
0.0003858728928725451
0.000276816699162079
0.0001627697773432893
0.00005817102787550577
0.000058688442633054305
0.00016421756824463882
0.0002792789050146017
0.0003893051225683567
0.0004942055438875179
0.0005974144442080002
0.0006988607306418879
0.000795644923272161
0.0008866481699930932
0.0009727594814392695
0.0010539211131094855
0.0011287006885931962
0.0011963301717966281
0.0012570765370290584
0.0013108098141996433
0.001356746339920232
0.0013944821005595716
0.0014241202469856525
0.0014455370265831025
0.0014583946675334675
0.001462649759615038
0.0014583946675334675
0.0014455370265831025
0.0014241202469856525
0.0013944821005595716
0.001356746339920232
0.0013108098141996433
0.0012570765370290584
0.0011963301717966281
0.0011287006885931962
0.0010539211131094855
0.0009727594814392695
0.0008866481699930932
0.000795644923272161
0.0006988607306418879
0.0005974144442080002
0.0004942055438875179
0.0003893051225683567
0.0002792789050146017
0.00016421756824463882
0.000058688442633054305
0.00005885967524455992
0.00016469669840730894
0.00028009374442928994
0.00039044098049572913
0.0004956474650240101
0.000599157493279391
0.0007008997649494558
0.0007979663404359271
0.0008892351032089541
0.0009755976577291934
0.0010569960910169244
0.0011319938474818108
0.0011998206501659472
0.0012607442523174632
0.0013146343046376667
0.0013607048572792252
0.0013985507178386092
0.0014282753381424254
0.0014497546045078996
0.001462649759615038
0.0014669172665860934
0.001462649759615038
0.0014497546045078996
0.0014282753381424254
0.0013985507178386092
0.0013607048572792252
0.0013146343046376667
0.0012607442523174632
0.0011998206501659472
0.0011319938474818108
0.0010569960910169244
0.0009755976577291934
0.0008892351032089541
0.0007979663404359271
0.0007008997649494558
0.000599157493279391
0.0004956474650240101
0.00039044098049572913
0.00028009374442928994
0.00016469669840730894
0.00005885967524455992
0.000058688442633054305
0.00016421756824463882
0.0002792789050146017
0.0003893051225683567
0.0004942055438875179
0.0005974144442080002
0.0006988607306418879
0.000795644923272161
0.0008866481699930932
0.0009727594814392695
0.0010539211131094855
0.0011287006885931962
0.0011963301717966281
0.0012570765370290584
0.0013108098141996433
0.001356746339920232
0.0013944821005595716
0.0014241202469856525
0.0014455370265831025
0.0014583946675334675
0.001462649759615038
0.0014583946675334675
0.0014455370265831025
0.0014241202469856525
0.0013944821005595716
0.001356746339920232
0.0013108098141996433
0.0012570765370290584
0.0011963301717966281
0.0011287006885931962
0.0010539211131094855
0.0009727594814392695
0.0008866481699930932
0.000795644923272161
0.0006988607306418879
0.0005974144442080002
0.0004942055438875179
0.0003893051225683567
0.0002792789050146017
0.00016421756824463882
0.000058688442633054305
0.00005817102787550577
0.0001627697773432893
0.000276816699162079
0.0003858728928725451
0.0004898484808918527
0.0005921474608644727
0.0006926993666785237
0.0007886302810939116
0.0008788312161376942
0.0009641833446624102
0.0010446294312595448
0.0011187497277748153
0.0011857829693489776
0.0012459937765664302
0.0012992533251912886
0.0013447848608448046
0.001382187931800007
0.0014115647795161677
0.001432792742417762
0.0014455370265831025
0.0014497546045078996
0.0014455370265831025
0.001432792742417762
0.0014115647795161677
0.001382187931800007
0.0013447848608448046
0.0012992533251912886
0.0012459937765664302
0.0011857829693489776
0.0011187497277748153
0.0010446294312595448
0.0009641833446624102
0.0008788312161376942
0.0007886302810939116
0.0006926993666785237
0.0005921474608644727
0.0004898484808918527
0.0003858728928725451
0.000276816699162079
0.0001627697773432893
0.00005817102787550577
0.00005730917787785357
0.00016035821376353979
0.0002727154398198251
0.0003801558793700849
0.000482590986439286
0.000583374325742157
0.0006824364751782525
0.0007769460968748557
0.0008658106333969878
0.0009498982023212432
0.0010291524162271604
0.0011021745616574203
0.0011682146524965302
0.0012275333887646768
0.0012800038548593877
0.0013248608046352041
0.0013617097193756682
0.001390651325751597
0.0014115647795161677
0.0014241202469856525
0.0014282753381424254
0.0014241202469856525
0.0014115647795161677
0.001390651325751597
0.0013617097193756682
0.0013248608046352041
0.0012800038548593877
0.0012275333887646768
0.0011682146524965302
0.0011021745616574203
0.0010291524162271604
0.0009498982023212432
0.0008658106333969878
0.0007769460968748557
0.0006824364751782525
0.000583374325742157
0.000482590986439286
0.0003801558793700849
0.0002727154398198251
0.00016035821376353979
0.00005730917787785357
0.00005611648518979065
0.0001570209111514827
0.00026703980944019857
0.0003722442471597048
0.0004725475211137499
0.0005712334031450944
0.0006682339159346471
0.0007607766461328349
0.000847791774115833
0.0009301293505898965
0.0010077341616440535
0.0010792366032127965
0.0011439022975524365
0.0012019865191122594
0.0012533649935999053
0.0012972884008265607
0.0013333704326208467
0.0013617097193756682
0.001382187931800007
0.0013944821005595716
0.0013985507178386092
0.0013944821005595716
0.001382187931800007
0.0013617097193756682
0.0013333704326208467
0.0012972884008265607
0.0012533649935999053
0.0012019865191122594
0.0011439022975524365
0.0010792366032127965
0.0010077341616440535
0.0009301293505898965
0.000847791774115833
0.0007607766461328349
0.0006682339159346471
0.0005712334031450944
0.0004725475211137499
0.0003722442471597048
0.00026703980944019857
0.0001570209111514827
0.00005611648518979065
0.00005459792984068057
0.00015277180424921
0.00025981350633729996
0.0003621710308706229
0.00045976002090825687
0.0005557753868954568
0.000650150991031789
0.0007401894436101577
0.0008248498751504762
0.0009049593333315894
0.0009804640983735204
0.0010500316287525937
0.0011129474195529928
0.001169459837300616
0.001219447970661257
0.001262182776628058
0.0012972884008265607
0.0013248608046352041
0.0013447848608448046
0.001356746339920232
0.0013607048572792252
0.001356746339920232
0.0013447848608448046
0.0013248608046352041
0.0012972884008265607
0.001262182776628058
0.001219447970661257
0.001169459837300616
0.0011129474195529928
0.0010500316287525937
0.0009804640983735204
0.0009049593333315894
0.0008248498751504762
0.0007401894436101577
0.000650150991031789
0.0005557753868954568
0.00045976002090825687
0.0003621710308706229
0.00025981350633729996
0.00015277180424921
0.00005459792984068057
0.000052749360852785044
0.0001475992781042807
0.0002510167773797548
0.0003499086953217254
0.00044419353113464734
0.0005369580224377099
0.0006281382707147739
0.0007151282140980108
0.0007969222247190021
0.0008743193481932346
0.0009472676835774451
0.0010144798063504335
0.0010752654032027851
0.0011298644315016857
0.0011781600737117847
0.001219447970661257
0.0012533649935999053
0.0012800038548593877
0.0012992533251912886
0.0013108098141996433
0.0013146343046376667
0.0013108098141996433
0.0012992533251912886
0.0012800038548593877
0.0012533649935999053
0.001219447970661257
0.0011781600737117847
0.0011298644315016857
0.0010752654032027851
0.0010144798063504335
0.0009472676835774451
0.0008743193481932346
0.0007969222247190021
0.0007151282140980108
0.0006281382707147739
0.0005369580224377099
0.00044419353113464734
0.0003499086953217254
0.0002510167773797548
0.0001475992781042807
0.000052749360852785044
0.00005058703646631062
0.0001415488252966794
0.00024072699016020394
0.0003355650882580264
0.0004259849597101099
0.0005149468092654684
0.0006023893577632966
0.0006858133721397239
0.0007642544476545078
0.0008384788751031263
0.0009084368810880059
0.0009728938157451733
0.001031187663383974
0.0010835485449364522
0.0011298644315016857
0.001169459837300616
0.0012019865191122594
0.0012275333887646768
0.0012459937765664302
0.0012570765370290584
0.0012607442523174632
0.0012570765370290584
0.0012459937765664302
0.0012275333887646768
0.0012019865191122594
0.001169459837300616
0.0011298644315016857
0.0010835485449364522
0.001031187663383974
0.0009728938157451733
0.0009084368810880059
0.0008384788751031263
0.0007642544476545078
0.0006858133721397239
0.0006023893577632966
0.0005149468092654684
0.0004259849597101099
0.0003355650882580264
0.00024072699016020394
0.0001415488252966794
0.00005058703646631062
0.00004814249271524247
0.00013470868757522038
0.0002290942142433646
0.0003193494014560512
0.00040539986629389716
0.0004900627659876869
0.0005732797826014682
0.0006526724548144003
0.0007273229813195691
0.0007979606230426199
0.0008645380118118338
0.0009258801603926489
0.0009813570440239602
0.001031187663383974
0.0010752654032027851
0.0011129474195529928
0.0011439022975524365
0.0011682146524965302
0.0011857829693489776
0.0011963301717966281
0.0011998206501659472
0.0011963301717966281
0.0011857829693489776
0.0011682146524965302
0.0011439022975524365
0.0011129474195529928
0.0010752654032027851
0.001031187663383974
0.0009813570440239602
0.0009258801603926489
0.0008645380118118338
0.0007979606230426199
0.0007273229813195691
0.0006526724548144003
0.0005732797826014682
0.0004900627659876869
0.00040539986629389716
0.0003193494014560512
0.0002290942142433646
0.00013470868757522038
0.00004814249271524247
0.00004542095983141721
0.00012709349977966134
0.0002161433385742279
0.0003012963292432494
0.0003824822937921334
0.00046235913334318157
0.000540871826719115
0.0006157763688836035
0.0006862068425576823
0.0007528512829747218
0.0008156649997229133
0.0008735394285179117
0.0009258801603926489
0.0009728938157451733
0.0010144798063504335
0.0010500316287525937
0.0010792366032127965
0.0011021745616574203
0.0011187497277748153
0.0011287006885931962
0.0011319938474818108
0.0011287006885931962
0.0011187497277748153
0.0011021745616574203
0.0010792366032127965
0.0010500316287525937
0.0010144798063504335
0.0009728938157451733
0.0009258801603926489
0.0008735394285179117
0.0008156649997229133
0.0007528512829747218
0.0006862068425576823
0.0006157763688836035
0.000540871826719115
0.00046235913334318157
0.0003824822937921334
0.0003012963292432494
0.0002161433385742279
0.00012709349977966134
0.00004542095983141721
0.000042411694285128315
0.00011867320017648854
0.00020182323824509787
0.00028133460526867405
0.0003571417727409229
0.0004317265484056163
0.0005050375563922612
0.0005749794632704688
0.0006407437212013565
0.0007029727811609363
0.0007616249136020974
0.0008156649997229133
0.0008645380118118338
0.0009084368810880059
0.0009472676835774451
0.0009804640983735204
0.0010077341616440535
0.0010291524162271604
0.0010446294312595448
0.0010539211131094855
0.0010569960910169244
0.0010539211131094855
0.0010446294312595448
0.0010291524162271604
0.0010077341616440535
0.0009804640983735204
0.0009472676835774451
0.0009084368810880059
0.0008645380118118338
0.0008156649997229133
0.0007616249136020974
0.0007029727811609363
0.0006407437212013565
0.0005749794632704688
0.0005050375563922612
0.0004317265484056163
0.0003571417727409229
0.00028133460526867405
0.00020182323824509787
0.00011867320017648854
0.000042411694285128315
0.00003914560323973354
0.00010953427085621656
0.00018628099023318504
0.0002596692497454949
0.0003296385671853136
0.00039847962824423016
0.00046614501346691953
0.000530700749393856
0.0005914005538159759
0.0006488374030675627
0.0007029727811609363
0.0007528512829747218
0.0007979606230426199
0.0008384788751031263
0.0008743193481932346
0.0009049593333315894
0.0009301293505898965
0.0009498982023212432
0.0009641833446624102
0.0009727594814392695
0.0009755976577291934
0.0009727594814392695
0.0009641833446624102
0.0009498982023212432
0.0009301293505898965
0.0009049593333315894
0.0008743193481932346
0.0008384788751031263
0.0007979606230426199
0.0007528512829747218
0.0007029727811609363
0.0006488374030675627
0.0005914005538159759
0.000530700749393856
0.00046614501346691953
0.00039847962824423016
0.0003296385671853136
0.0002596692497454949
0.00018628099023318504
0.00010953427085621656
0.00003914560323973354
0.000035680328116084606
0.00009983799968980866
0.00016979089101283284
0.00023668262246045907
0.00030045806587417013
0.0003632051292263168
0.0004248805907605571
0.00048372167760094177
0.000539048170466559
0.0005914005538159759
0.0006407437212013565
0.0006862068425576823
0.0007273229813195691
0.0007642544476545078
0.0007969222247190021
0.0008248498751504762
0.000847791774115833
0.0008658106333969878
0.0008788312161376942
0.0008866481699930932
0.0008892351032089541
0.0008866481699930932
0.0008788312161376942
0.0008658106333969878
0.000847791774115833
0.0008248498751504762
0.0007969222247190021
0.0007642544476545078
0.0007273229813195691
0.0006862068425576823
0.0006407437212013565
0.0005914005538159759
0.000539048170466559
0.00048372167760094177
0.0004248805907605571
0.0003632051292263168
0.00030045806587417013
0.00023668262246045907
0.00016979089101283284
0.00009983799968980866
0.000035680328116084606
0.00003201819265748758
0.00008959088880030353
0.00015236399851055866
0.00021239013778021185
0.00026961983666059803
0.0003259267057164052
0.0003812719593591979
0.0004340737511056728
0.00048372167760094177
0.000530700749393856
0.0005749794632704688
0.0006157763688836035
0.0006526724548144003
0.0006858133721397239
0.0007151282140980108
0.0007401894436101577
0.0007607766461328349
0.0007769460968748557
0.0007886302810939116
0.000795644923272161
0.0007979663404359271
0.000795644923272161
0.0007886302810939116
0.0007769460968748557
0.0007607766461328349
0.0007401894436101577
0.0007151282140980108
0.0006858133721397239
0.0006526724548144003
0.0006157763688836035
0.0005749794632704688
0.000530700749393856
0.00048372167760094177
0.0004340737511056728
0.0003812719593591979
0.0003259267057164052
0.00026961983666059803
0.00021239013778021185
0.00015236399851055866
0.00008959088880030353
0.00003201819265748758
0.00002812342146597271
0.00007869283417072609
0.00013383006942933163
0.00018655448244396983
0.00023682262091141143
0.00028628018482907634
0.00033489310658227925
0.0003812719593591979
0.0004248805907605571
0.00046614501346691953
0.0005050375563922612
0.000540871826719115
0.0005732797826014682
0.0006023893577632966
0.0006281382707147739
0.000650150991031789
0.0006682339159346471
0.0006824364751782525
0.0006926993666785237
0.0006988607306418879
0.0007008997649494558
0.0006988607306418879
0.0006926993666785237
0.0006824364751782525
0.0006682339159346471
0.000650150991031789
0.0006281382707147739
0.0006023893577632966
0.0005732797826014682
0.000540871826719115
0.0005050375563922612
0.00046614501346691953
0.0004248805907605571
0.0003812719593591979
0.00033489310658227925
0.00028628018482907634
0.00023682262091141143
0.00018655448244396983
0.00013383006942933163
0.00007869283417072609
0.00002812342146597271
0.00002404103917656066
0.00006726982033469957
0.00011440336112891637
0.00015947432379182438
0.00020244556353556374
0.0002447238913400399
0.00028628018482907634
0.0003259267057164052
0.0003632051292263168
0.00039847962824423016
0.0004317265484056163
0.00046235913334318157
0.0004900627659876869
0.0005149468092654684
0.0005369580224377099
0.0005557753868954568
0.0005712334031450944
0.000583374325742157
0.0005921474608644727
0.0005974144442080002
0.000599157493279391
0.0005974144442080002
0.0005921474608644727
0.000583374325742157
0.0005712334031450944
0.0005557753868954568
0.0005369580224377099
0.0005149468092654684
0.0004900627659876869
0.00046235913334318157
0.0004317265484056163
0.00039847962824423016
0.0003632051292263168
0.0003259267057164052
0.00028628018482907634
0.0002447238913400399
0.00020244556353556374
0.00015947432379182438
0.00011440336112891637
0.00006726982033469957
0.00002404103917656066
0.000019887726112187258
0.0000556483333606024
0.00009463911670938989
0.00013192365147802243
0.00016747120998613531
0.00020244556353556374
0.00023682262091141143
0.00026961983666059803
0.00030045806587417013
0.0003296385671853136
0.0003571417727409229
0.0003824822937921334
0.00040539986629389716
0.0004259849597101099
0.00044419353113464734
0.00045976002090825687
0.0004725475211137499
0.000482590986439286
0.0004898484808918527
0.0004942055438875179
0.0004956474650240101
0.0004942055438875179
0.0004898484808918527
0.000482590986439286
0.0004725475211137499
0.00045976002090825687
0.00044419353113464734
0.0004259849597101099
0.00040539986629389716
0.0003824822937921334
0.0003571417727409229
0.0003296385671853136
0.00030045806587417013
0.00026961983666059803
0.00023682262091141143
0.00020244556353556374
0.00016747120998613531
0.00013192365147802243
0.00009463911670938989
0.0000556483333606024
0.000019887726112187258
0.00001566634317941434
0.000043836378421131
0.0000745509502796992
0.00010392144309899932
0.00013192365147802243
0.00015947432379182438
0.00018655448244396983
0.00021239013778021185
0.00023668262246045907
0.0002596692497454949
0.00028133460526867405
0.0003012963292432494
0.0003193494014560512
0.0003355650882580264
0.0003499086953217254
0.0003621710308706229
0.0003722442471597048
0.0003801558793700849
0.0003858728928725451
0.0003893051225683567
0.00039044098049572913
0.0003893051225683567
0.0003858728928725451
0.0003801558793700849
0.0003722442471597048
0.0003621710308706229
0.0003499086953217254
0.0003355650882580264
0.0003193494014560512
0.0003012963292432494
0.00028133460526867405
0.0002596692497454949
0.00023668262246045907
0.00021239013778021185
0.00018655448244396983
0.00015947432379182438
0.00013192365147802243
0.00010392144309899932
0.0000745509502796992
0.000043836378421131
0.00001566634317941434
0.000011238688923137843
0.00003144725064106895
0.00005348120678339292
0.0000745509502796992
0.00009463911670938989
0.00011440336112891637
0.00013383006942933163
0.00015236399851055866
0.00016979089101283284
0.00018628099023318504
0.00020182323824509787
0.0002161433385742279
0.0002290942142433646
0.00024072699016020394
0.0002510167773797548
0.00025981350633729996
0.00026703980944019857
0.0002727154398198251
0.000276816699162079
0.0002792789050146017
0.00028009374442928994
0.0002792789050146017
0.000276816699162079
0.0002727154398198251
0.00026703980944019857
0.00025981350633729996
0.0002510167773797548
0.00024072699016020394
0.0002290942142433646
0.0002161433385742279
0.00020182323824509787
0.00018628099023318504
0.00016979089101283284
0.00015236399851055866
0.00013383006942933163
0.00011440336112891637
0.00009463911670938989
0.0000745509502796992
0.00005348120678339292
0.00003144725064106895
0.000011238688923137843
6.608412350797354e-6
0.00001849116039747434
0.00003144725064106895
0.000043836378421131
0.0000556483333606024
0.00006726982033469957
0.00007869283417072609
0.00008959088880030353
0.00009983799968980866
0.00010953427085621656
0.00011867320017648854
0.00012709349977966134
0.00013470868757522038
0.0001415488252966794
0.0001475992781042807
0.00015277180424921
0.0001570209111514827
0.00016035821376353979
0.0001627697773432893
0.00016421756824463882
0.00016469669840730894
0.00016421756824463882
0.0001627697773432893
0.00016035821376353979
0.0001570209111514827
0.00015277180424921
0.0001475992781042807
0.0001415488252966794
0.00013470868757522038
0.00012709349977966134
0.00011867320017648854
0.00010953427085621656
0.00009983799968980866
0.00008959088880030353
0.00007869283417072609
0.00006726982033469957
0.0000556483333606024
0.000043836378421131
0.00003144725064106895
0.00001849116039747434
6.608412350797354e-6
2.361729218688511e-6
6.608412350797354e-6
0.000011238688923137843
0.00001566634317941434
0.000019887726112187258
0.00002404103917656066
0.00002812342146597271
0.00003201819265748758
0.000035680328116084606
0.00003914560323973354
0.000042411694285128315
0.00004542095983141721
0.00004814249271524247
0.00005058703646631062
0.000052749360852785044
0.00005459792984068057
0.00005611648518979065
0.00005730917787785357
0.00005817102787550577
0.000058688442633054305
0.00005885967524455992
0.000058688442633054305
0.00005817102787550577
0.00005730917787785357
0.00005611648518979065
0.00005459792984068057
0.000052749360852785044
0.00005058703646631062
0.00004814249271524247
0.00004542095983141721
0.000042411694285128315
0.00003914560323973354
0.000035680328116084606
0.00003201819265748758
0.00002812342146597271
0.00002404103917656066
0.000019887726112187258
0.00001566634317941434
0.000011238688923137843
6.608412350797354e-6
2.361729218688511e-6