0.000023840959705533995
0.00006629893343987972
0.00011188602363598131
0.0001540435453879313
0.00019204855990247714
0.00022693200109685343
0.0002584718754403948
0.0002850031822545388
0.0003055577184993556
0.00032050344557989067
0.00033005621624252027
0.00033343560060969103
0.00033005621624252027
0.00032050344557989067
0.0003055577184993556
0.0002850031822545388
0.0002584718754403948
0.00022693200109685343
0.00019204855990247714
0.0001540435453879313
0.00011188602363598131
0.00006629893343987972
0.000023840959705533995
0.00006629893343987972
0.0001843696155505561
0.0003111420062579476
0.0004283771663834032
0.000534064687305502
0.0006310714762294846
0.0007187801949904681
0.0007925606705363272
0.0008497204429286432
0.0008912827699977586
0.0009178479131023418
0.0009272455876084909
0.0009178479131023418
0.0008912827699977586
0.0008497204429286432
0.0007925606705363272
0.0007187801949904681
0.0006310714762294846
0.000534064687305502
0.0004283771663834032
0.0003111420062579476
0.0001843696155505561
0.00006629893343987972
0.00011188602363598131
0.0003111420062579476
0.0005250829849003755
0.0007229289413313238
0.0009012871116726484
0.0010649956860834507
0.0012130128452021846
0.0013375247129275322
0.0014339874961593823
0.00150412804394117
0.0015489593568308094
0.0015648188643275888
0.0015489593568308094
0.00150412804394117
0.0014339874961593823
0.0013375247129275322
0.0012130128452021846
0.0010649956860834507
0.0009012871116726484
0.0007229289413313238
0.0005250829849003755
0.0003111420062579476
0.00011188602363598131
0.0001540435453879313
0.0004283771663834032
0.0007229289413313238
0.0009953212525322774
0.0012408829770035239
0.0014662752860080065
0.0016700638131888648
0.0018414904929830115
0.001974299477019897
0.002070868273591943
0.002132591571618729
0.002154426781089206
0.002132591571618729
0.002070868273591943
0.001974299477019897
0.0018414904929830115
0.0016700638131888648
0.0014662752860080065
0.0012408829770035239
0.0009953212525322774
0.0007229289413313238
0.0004283771663834032
0.0001540435453879313
0.00019204855990247714
0.000534064687305502
0.0009012871116726484
0.0012408829770035239
0.0015470287193201412
0.0018280289277248247
0.0020820953546638464
0.0022958157471698747
0.0024613908386945686
0.0025817847069768913
0.0026587361330728293
0.002685958439099438
0.0026587361330728293
0.0025817847069768913
0.0024613908386945686
0.0022958157471698747
0.0020820953546638464
0.0018280289277248247
0.0015470287193201412
0.0012408829770035239
0.0009012871116726484
0.000534064687305502
0.00019204855990247714
0.00022693200109685343
0.0006310714762294846
0.0010649956860834507
0.0014662752860080065
0.0018280289277248247
0.0021600696346912775
0.0024602843444817466
0.0027128246206037155
0.002908474548260417
0.0030507365962704216
0.0031416653755337266
0.003173832304482458
0.0031416653755337266
0.0030507365962704216
0.002908474548260417
0.0027128246206037155
0.0024602843444817466
0.0021600696346912775
0.0018280289277248247
0.0014662752860080065
0.0010649956860834507
0.0006310714762294846
0.00022693200109685343
0.0002584718754403948
0.0007187801949904681
0.0012130128452021846
0.0016700638131888648
0.0020820953546638464
0.0024602843444817466
0.0028022240387482167
0.0030898633248690912
0.003312705425087571
0.0034747395946864365
0.003578306002218626
0.003614943613539861
0.003578306002218626
0.0034747395946864365
0.003312705425087571
0.0030898633248690912
0.0028022240387482167
0.0024602843444817466
0.0020820953546638464
0.0016700638131888648
0.0012130128452021846
0.0007187801949904681
0.0002584718754403948
0.0002850031822545388
0.0007925606705363272
0.0013375247129275322
0.0018414904929830115
0.0022958157471698747
0.0027128246206037155
0.0030898633248690912
0.00340702785871323
0.0036527439838983764
0.003831410439933349
0.003945607606147478
0.003986005950450763
0.003945607606147478
0.003831410439933349
0.0036527439838983764
0.00340702785871323
0.0030898633248690912
0.0027128246206037155
0.0022958157471698747
0.0018414904929830115
0.0013375247129275322
0.0007925606705363272
0.0002850031822545388
0.0003055577184993556
0.0008497204429286432
0.0014339874961593823
0.001974299477019897
0.0024613908386945686
0.002908474548260417
0.003312705425087571
0.0036527439838983764
0.003916181248058537
0.004107733195817683
0.00423016630442879
0.00427347819245339
0.00423016630442879
0.004107733195817683
0.003916181248058537
0.0036527439838983764
0.003312705425087571
0.002908474548260417
0.0024613908386945686
0.001974299477019897
0.0014339874961593823
0.0008497204429286432
0.0003055577184993556
0.00032050344557989067
0.0008912827699977586
0.00150412804394117
0.002070868273591943
0.0025817847069768913
0.0030507365962704216
0.0034747395946864365
0.003831410439933349
0.004107733195817683
0.004308654512961484
0.004437076185160216
0.004482506585068389
0.004437076185160216
0.004308654512961484
0.004107733195817683
0.003831410439933349
0.0034747395946864365
0.0030507365962704216
0.0025817847069768913
0.002070868273591943
0.00150412804394117
0.0008912827699977586
0.00032050344557989067
0.00033005621624252027
0.0009178479131023418
0.0015489593568308094
0.002132591571618729
0.0026587361330728293
0.0031416653755337266
0.003578306002218626
0.003945607606147478
0.00423016630442879
0.004437076185160216
0.004569325531599412
0.004616110008031315
0.004569325531599412
0.004437076185160216
0.00423016630442879
0.003945607606147478
0.003578306002218626
0.0031416653755337266
0.0026587361330728293
0.002132591571618729
0.0015489593568308094
0.0009178479131023418
0.00033005621624252027
0.00033343560060969103
0.0009272455876084909
0.0015648188643275888
0.002154426781089206
0.002685958439099438
0.003173832304482458
0.003614943613539861
0.003986005950450763
0.00427347819245339
0.004482506585068389
0.004616110008031315
0.004663373502038103
0.004616110008031315
0.004482506585068389
0.00427347819245339
0.003986005950450763
0.003614943613539861
0.003173832304482458
0.002685958439099438
0.002154426781089206
0.0015648188643275888
0.0009272455876084909
0.00033343560060969103
0.00033005621624252027
0.0009178479131023418
0.0015489593568308094
0.002132591571618729
0.0026587361330728293
0.0031416653755337266
0.003578306002218626
0.003945607606147478
0.00423016630442879
0.004437076185160216
0.004569325531599412
0.004616110008031315
0.004569325531599412
0.004437076185160216
0.00423016630442879
0.003945607606147478
0.003578306002218626
0.0031416653755337266
0.0026587361330728293
0.002132591571618729
0.0015489593568308094
0.0009178479131023418
0.00033005621624252027
0.00032050344557989067
0.0008912827699977586
0.00150412804394117
0.002070868273591943
0.0025817847069768913
0.0030507365962704216
0.0034747395946864365
0.003831410439933349
0.004107733195817683
0.004308654512961484
0.004437076185160216
0.004482506585068389
0.004437076185160216
0.004308654512961484
0.004107733195817683
0.003831410439933349
0.0034747395946864365
0.0030507365962704216
0.0025817847069768913
0.002070868273591943
0.00150412804394117
0.0008912827699977586
0.00032050344557989067
0.0003055577184993556
0.0008497204429286432
0.0014339874961593823
0.001974299477019897
0.0024613908386945686
0.002908474548260417
0.003312705425087571
0.0036527439838983764
0.003916181248058537
0.004107733195817683
0.00423016630442879
0.00427347819245339
0.00423016630442879
0.004107733195817683
0.003916181248058537
0.0036527439838983764
0.003312705425087571
0.002908474548260417
0.0024613908386945686
0.001974299477019897
0.0014339874961593823
0.0008497204429286432
0.0003055577184993556
0.0002850031822545388
0.0007925606705363272
0.0013375247129275322
0.0018414904929830115
0.0022958157471698747
0.0027128246206037155
0.0030898633248690912
0.00340702785871323
0.0036527439838983764
0.003831410439933349
0.003945607606147478
0.003986005950450763
0.003945607606147478
0.003831410439933349
0.0036527439838983764
0.00340702785871323
0.0030898633248690912
0.0027128246206037155
0.0022958157471698747
0.0018414904929830115
0.0013375247129275322
0.0007925606705363272
0.0002850031822545388
0.0002584718754403948
0.0007187801949904681
0.0012130128452021846
0.0016700638131888648
0.0020820953546638464
0.0024602843444817466
0.0028022240387482167
0.0030898633248690912
0.003312705425087571
0.0034747395946864365
0.003578306002218626
0.003614943613539861
0.003578306002218626
0.0034747395946864365
0.003312705425087571
0.0030898633248690912
0.0028022240387482167
0.0024602843444817466
0.0020820953546638464
0.0016700638131888648
0.0012130128452021846
0.0007187801949904681
0.0002584718754403948
0.00022693200109685343
0.0006310714762294846
0.0010649956860834507
0.0014662752860080065
0.0018280289277248247
0.0021600696346912775
0.0024602843444817466
0.0027128246206037155
0.002908474548260417
0.0030507365962704216
0.0031416653755337266
0.003173832304482458
0.0031416653755337266
0.0030507365962704216
0.002908474548260417
0.0027128246206037155
0.0024602843444817466
0.0021600696346912775
0.0018280289277248247
0.0014662752860080065
0.0010649956860834507
0.0006310714762294846
0.00022693200109685343
0.00019204855990247714
0.000534064687305502
0.0009012871116726484
0.0012408829770035239
0.0015470287193201412
0.0018280289277248247
0.0020820953546638464
0.0022958157471698747
0.0024613908386945686
0.0025817847069768913
0.0026587361330728293
0.002685958439099438
0.0026587361330728293
0.0025817847069768913
0.0024613908386945686
0.0022958157471698747
0.0020820953546638464
0.0018280289277248247
0.0015470287193201412
0.0012408829770035239
0.0009012871116726484
0.000534064687305502
0.00019204855990247714
0.0001540435453879313
0.0004283771663834032
0.0007229289413313238
0.0009953212525322774
0.0012408829770035239
0.0014662752860080065
0.0016700638131888648
0.0018414904929830115
0.001974299477019897
0.002070868273591943
0.002132591571618729
0.002154426781089206
0.002132591571618729
0.002070868273591943
0.001974299477019897
0.0018414904929830115
0.0016700638131888648
0.0014662752860080065
0.0012408829770035239
0.0009953212525322774
0.0007229289413313238
0.0004283771663834032
0.0001540435453879313
0.00011188602363598131
0.0003111420062579476
0.0005250829849003755
0.0007229289413313238
0.0009012871116726484
0.0010649956860834507
0.0012130128452021846
0.0013375247129275322
0.0014339874961593823
0.00150412804394117
0.0015489593568308094
0.0015648188643275888
0.0015489593568308094
0.00150412804394117
0.0014339874961593823
0.0013375247129275322
0.0012130128452021846
0.0010649956860834507
0.0009012871116726484
0.0007229289413313238
0.0005250829849003755
0.0003111420062579476
0.00011188602363598131
0.00006629893343987972
0.0001843696155505561
0.0003111420062579476
0.0004283771663834032
0.000534064687305502
0.0006310714762294846
0.0007187801949904681
0.0007925606705363272
0.0008497204429286432
0.0008912827699977586
0.0009178479131023418
0.0009272455876084909
0.0009178479131023418
0.0008912827699977586
0.0008497204429286432
0.0007925606705363272
0.0007187801949904681
0.0006310714762294846
0.000534064687305502
0.0004283771663834032
0.0003111420062579476
0.0001843696155505561
0.00006629893343987972
0.000023840959705533995
0.00006629893343987972
0.00011188602363598131
0.0001540435453879313
0.00019204855990247714
0.00022693200109685343
0.0002584718754403948
0.0002850031822545388
0.0003055577184993556
0.00032050344557989067
0.00033005621624252027
0.00033343560060969103
0.00033005621624252027
0.00032050344557989067
0.0003055577184993556
0.0002850031822545388
0.0002584718754403948
0.00022693200109685343
0.00019204855990247714
0.0001540435453879313
0.00011188602363598131
0.00006629893343987972
0.000023840959705533995