4.449939187118976e-6
0.000012431040846170259
0.000021118330096572818
0.000029381709435922845
0.000037179457070737464
0.00004476610736478196
0.00005214247142325199
0.000059059379617033675
0.00006539509017716957
0.0000712247669838899
0.0000765637473161744
0.00008127458494795136
0.00008526199739778552
0.00008856956214305301
0.000091225365441633
0.00009314315372287797
0.0000942538661508573
0.00009460675824251536
0.0000942538661508573
0.00009314315372287797
0.000091225365441633
0.00008856956214305301
0.00008526199739778552
0.00008127458494795136
0.0000765637473161744
0.0000712247669838899
0.00006539509017716957
0.000059059379617033675
0.00005214247142325199
0.00004476610736478196
0.000037179457070737464
0.000029381709435922845
0.000021118330096572818
0.000012431040846170259
4.449939187118976e-6
0.000012431040846170259
0.00003472649176116073
0.00005899469925191686
0.00008207870147653269
0.00010386194733236338
0.0001250554863281032
0.0001456615843108556
0.000164984178321804
0.00018268317901613777
0.00019896855898584253
0.00021388316338754844
0.0002270430319964966
0.0002381819902946004
0.00024742177329406046
0.00025484084081291706
0.00026019824087075873
0.00026330104991599855
0.0002642868647375561
0.00026330104991599855
0.00026019824087075873
0.00025484084081291706
0.00024742177329406046
0.0002381819902946004
0.0002270430319964966
0.00021388316338754844
0.00019896855898584253
0.00018268317901613777
0.000164984178321804
0.0001456615843108556
0.0001250554863281032
0.00010386194733236338
0.00008207870147653269
0.00005899469925191686
0.00003472649176116073
0.000012431040846170259
0.000021118330096572818
0.00005899469925191686
0.00010022246312012109
0.00013943845355584116
0.00017644466906513686
0.00021244906788943236
0.0002474554993368967
0.0002802814648931908
0.000310349207704732
0.00033801543728311
0.0003633529406275753
0.0003857094313470884
0.00040463272193733585
0.0004203296205171047
0.00043293341764164277
0.00044203477482331055
0.0004473059461157928
0.00044898068623396725
0.0004473059461157928
0.00044203477482331055
0.00043293341764164277
0.0004203296205171047
0.00040463272193733585
0.0003857094313470884
0.0003633529406275753
0.00033801543728311
0.000310349207704732
0.0002802814648931908
0.0002474554993368967
0.00021244906788943236
0.00017644466906513686
0.00013943845355584116
0.00010022246312012109
0.00005899469925191686
0.000021118330096572818
0.000029381709435922845
0.00008207870147653269
0.00013943845355584116
0.00019399924652361688
0.00024548560299427933
0.00029557814250062074
0.00034428222054440826
0.0003899526394420258
0.00043178557219015687
0.0004702773049617435
0.0005055291055394613
0.000536633454762331
0.0005629612289353663
0.0005848001580082083
0.0006023356877214498
0.0006149983097640758
0.0006223320346653559
0.0006246620828892386
0.0006223320346653559
0.0006149983097640758
0.0006023356877214498
0.0005848001580082083
0.0005629612289353663
0.000536633454762331
0.0005055291055394613
0.0004702773049617435
0.00043178557219015687
0.0003899526394420258
0.00034428222054440826
0.00029557814250062074
0.00024548560299427933
0.00019399924652361688
0.00013943845355584116
0.00008207870147653269
0.000029381709435922845
0.000037179457070737464
0.00010386194733236338
0.00017644466906513686
0.00024548560299427933
0.0003106361615179195
0.00037402299155249897
0.00043565286992114567
0.000493443972324825
0.0005463791403974697
0.0005950863719927083
0.0006396938108180013
0.0006790530870087532
0.0007123681108254977
0.0007400029741987597
0.0007621923391711394
0.0007782155529893655
0.0007874956090300252
0.0007904440395187794
0.0007874956090300252
0.0007782155529893655
0.0007621923391711394
0.0007400029741987597
0.0007123681108254977
0.0006790530870087532
0.0006396938108180013
0.0005950863719927083
0.0005463791403974697
0.000493443972324825
0.00043565286992114567
0.00037402299155249897
0.0003106361615179195
0.00024548560299427933
0.00017644466906513686
0.00010386194733236338
0.000037179457070737464
0.00004476610736478196
0.0001250554863281032
0.00021244906788943236
0.00029557814250062074
0.00037402299155249897
0.0004503442146796253
0.0005245499715490752
0.0005941336314182886
0.000657870479775278
0.0007165166605111954
0.000770226465684566
0.0008176171949360181
0.0008577303125160611
0.000891004205096709
0.0009177214186595638
0.0009370142477278002
0.0009481879446507263
0.000951738016820044
0.0009481879446507263
0.0009370142477278002
0.0009177214186595638
0.000891004205096709
0.0008577303125160611
0.0008176171949360181
0.000770226465684566
0.0007165166605111954
0.000657870479775278
0.0005941336314182886
0.0005245499715490752
0.0004503442146796253
0.00037402299155249897
0.00029557814250062074
0.00021244906788943236
0.0001250554863281032
0.00004476610736478196
0.00005214247142325199
0.0001456615843108556
0.0002474554993368967
0.00034428222054440826
0.00043565286992114567
0.0005245499715490752
0.0006109830296096488
0.000692032381671699
0.0007662715101038713
0.0008345811528920486
0.0008971410256676775
0.0009523405927326696
0.0009990633749945113
0.0010378199945703227
0.0010689395541370777
0.001091411371491374
0.001104426221492697
0.0011085612590810837
0.001104426221492697
0.001091411371491374
0.0010689395541370777
0.0010378199945703227
0.0009990633749945113
0.0009523405927326696
0.0008971410256676775
0.0008345811528920486
0.0007662715101038713
0.000692032381671699
0.0006109830296096488
0.0005245499715490752
0.00043565286992114567
0.00034428222054440826
0.0002474554993368967
0.0001456615843108556
0.00005214247142325199
0.000059059379617033675
0.000164984178321804
0.0002802814648931908
0.0003899526394420258
0.000493443972324825
0.0005941336314182886
0.000692032381671699
0.0007838332557095313
0.0008679205026089598
0.0009452916937859835
0.0010161503848721447
0.001078672396142472
0.0011315931430700065
0.0011754909838459253
0.0012107386779386968
0.0012361914720926041
0.0012509327942030887
0.0012556163611303426
0.0012509327942030887
0.0012361914720926041
0.0012107386779386968
0.0011754909838459253
0.0011315931430700065
0.001078672396142472
0.0010161503848721447
0.0009452916937859835
0.0008679205026089598
0.0007838332557095313
0.000692032381671699
0.0005941336314182886
0.000493443972324825
0.0003899526394420258
0.0002802814648931908
0.000164984178321804
0.000059059379617033675
0.00006539509017716957
0.00018268317901613777
0.000310349207704732
0.00043178557219015687
0.0005463791403974697
0.000657870479775278
0.0007662715101038713
0.0008679205026089598
0.0009610283735245574
0.001046699710693111
0.001125159906575007
0.0011943890889943535
0.0012529870126435742
0.0013015940802209704
0.0013406230396966854
0.0013688063321685834
0.0013851290584653527
0.0013903150642030466
0.0013851290584653527
0.0013688063321685834
0.0013406230396966854
0.0013015940802209704
0.0012529870126435742
0.0011943890889943535
0.001125159906575007
0.001046699710693111
0.0009610283735245574
0.0008679205026089598
0.0007662715101038713
0.000657870479775278
0.0005463791403974697
0.00043178557219015687
0.000310349207704732
0.00018268317901613777
0.00006539509017716957
0.0000712247669838899
0.00019896855898584253
0.00033801543728311
0.0004702773049617435
0.0005950863719927083
0.0007165166605111954
0.0008345811528920486
0.0009452916937859835
0.001046699710693111
0.0011400082604710387
0.0012254628282995783
0.0013008634795249907
0.001364685143297428
0.0014176253113221348
0.0014601335261858247
0.0014908292318376007
0.0015086070554307712
0.0015142553701474213
0.0015086070554307712
0.0014908292318376007
0.0014601335261858247
0.0014176253113221348
0.001364685143297428
0.0013008634795249907
0.0012254628282995783
0.0011400082604710387
0.001046699710693111
0.0009452916937859835
0.0008345811528920486
0.0007165166605111954
0.0005950863719927083
0.0004702773049617435
0.00033801543728311
0.00019896855898584253
0.0000712247669838899
0.0000765637473161744
0.00021388316338754844
0.0003633529406275753
0.0005055291055394613
0.0006396938108180013
0.000770226465684566
0.0008971410256676775
0.0010161503848721447
0.001125159906575007
0.0012254628282995783
0.001317323036697551
0.0013983756908845877
0.0014669814013037732
0.0015238899433624123
0.001569584557181526
0.001602581200775261
0.0016216916429860008
0.00162776335313741
0.0016216916429860008
0.001602581200775261
0.001569584557181526
0.0015238899433624123
0.0014669814013037732
0.0013983756908845877
0.001317323036697551
0.0012254628282995783
0.001125159906575007
0.0010161503848721447
0.0008971410256676775
0.000770226465684566
0.0006396938108180013
0.0005055291055394613
0.0003633529406275753
0.00021388316338754844
0.0000765637473161744
0.00008127458494795136
0.0002270430319964966
0.0003857094313470884
0.000536633454762331
0.0006790530870087532
0.0008176171949360181
0.0009523405927326696
0.001078672396142472
0.0011943890889943535
0.0013008634795249907
0.0013983756908845877
0.0014844153775365179
0.001557242281062447
0.001617652309279964
0.0016661584352558646
0.00170118530641568
0.0017214715817521742
0.0017279168739404236
0.0017214715817521742
0.00170118530641568
0.0016661584352558646
0.001617652309279964
0.001557242281062447
0.0014844153775365179
0.0013983756908845877
0.0013008634795249907
0.0011943890889943535
0.001078672396142472
0.0009523405927326696
0.0008176171949360181
0.0006790530870087532
0.000536633454762331
0.0003857094313470884
0.0002270430319964966
0.00008127458494795136
0.00008526199739778552
0.0002381819902946004
0.00040463272193733585
0.0005629612289353663
0.0007123681108254977
0.0008577303125160611
0.0009990633749945113
0.0011315931430700065
0.0012529870126435742
0.001364685143297428
0.0014669814013037732
0.001557242281062447
0.0016336421453360458
0.0016970159499759662
0.001747901835020872
0.0017846471595229078
0.0018059286998230964
0.0018126902044943835
0.0018059286998230964
0.0017846471595229078
0.001747901835020872
0.0016970159499759662
0.0016336421453360458
0.001557242281062447
0.0014669814013037732
0.001364685143297428
0.0012529870126435742
0.0011315931430700065
0.0009990633749945113
0.0008577303125160611
0.0007123681108254977
0.0005629612289353663
0.00040463272193733585
0.0002381819902946004
0.00008526199739778552
0.00008856956214305301
0.00024742177329406046
0.0004203296205171047
0.0005848001580082083
0.0007400029741987597
0.000891004205096709
0.0010378199945703227
0.0011754909838459253
0.0013015940802209704
0.0014176253113221348
0.0015238899433624123
0.001617652309279964
0.0016970159499759662
0.0017628482117057732
0.0018157081105498283
0.0018538788947359637
0.0018759860088506325
0.0018830098122617834
0.0018759860088506325
0.0018538788947359637
0.0018157081105498283
0.0017628482117057732
0.0016970159499759662
0.001617652309279964
0.0015238899433624123
0.0014176253113221348
0.0013015940802209704
0.0011754909838459253
0.0010378199945703227
0.000891004205096709
0.0007400029741987597
0.0005848001580082083
0.0004203296205171047
0.00024742177329406046
0.00008856956214305301
0.000091225365441633
0.00025484084081291706
0.00043293341764164277
0.0006023356877214498
0.0007621923391711394
0.0009177214186595638
0.0010689395541370777
0.0012107386779386968
0.0013406230396966854
0.0014601335261858247
0.001569584557181526
0.0016661584352558646
0.001747901835020872
0.0018157081105498283
0.0018701530403042305
0.001909468394838215
0.0019322384019961282
0.001939472817719416
0.0019322384019961282
0.001909468394838215
0.0018701530403042305
0.0018157081105498283
0.001747901835020872
0.0016661584352558646
0.001569584557181526
0.0014601335261858247
0.0013406230396966854
0.0012107386779386968
0.0010689395541370777
0.0009177214186595638
0.0007621923391711394
0.0006023356877214498
0.00043293341764164277
0.00025484084081291706
0.000091225365441633
0.00009314315372287797
0.00026019824087075873
0.00044203477482331055
0.0006149983097640758
0.0007782155529893655
0.0009370142477278002
0.001091411371491374
0.0012361914720926041
0.0013688063321685834
0.0014908292318376007
0.001602581200775261
0.00170118530641568
0.0017846471595229078
0.0018538788947359637
0.001909468394838215
0.0019496102577214209
0.001972858948112664
0.0019802454495812774
0.001972858948112664
0.0019496102577214209
0.001909468394838215
0.0018538788947359637
0.0017846471595229078
0.00170118530641568
0.001602581200775261
0.0014908292318376007
0.0013688063321685834
0.0012361914720926041
0.001091411371491374
0.0009370142477278002
0.0007782155529893655
0.0006149983097640758
0.00044203477482331055
0.00026019824087075873
0.00009314315372287797
0.0000942538661508573
0.00026330104991599855
0.0004473059461157928
0.0006223320346653559
0.0007874956090300252
0.0009481879446507263
0.001104426221492697
0.0012509327942030887
0.0013851290584653527
0.0015086070554307712
0.0016216916429860008
0.0017214715817521742
0.0018059286998230964
0.0018759860088506325
0.0019322384019961282
0.001972858948112664
0.0019963848742246197
0.0020038594581625563
0.0019963848742246197
0.001972858948112664
0.0019322384019961282
0.0018759860088506325
0.0018059286998230964
0.0017214715817521742
0.0016216916429860008
0.0015086070554307712
0.0013851290584653527
0.0012509327942030887
0.001104426221492697
0.0009481879446507263
0.0007874956090300252
0.0006223320346653559
0.0004473059461157928
0.00026330104991599855
0.0000942538661508573
0.00009460675824251536
0.0002642868647375561
0.00044898068623396725
0.0006246620828892386
0.0007904440395187794
0.000951738016820044
0.0011085612590810837
0.0012556163611303426
0.0013903150642030466
0.0015142553701474213
0.00162776335313741
0.0017279168739404236
0.0018126902044943835
0.0018830098122617834
0.001939472817719416
0.0019802454495812774
0.0020038594581625563
0.002011362027388183
0.0020038594581625563
0.0019802454495812774
0.001939472817719416
0.0018830098122617834
0.0018126902044943835
0.0017279168739404236
0.00162776335313741
0.0015142553701474213
0.0013903150642030466
0.0012556163611303426
0.0011085612590810837
0.000951738016820044
0.0007904440395187794
0.0006246620828892386
0.00044898068623396725
0.0002642868647375561
0.00009460675824251536
0.0000942538661508573
0.00026330104991599855
0.0004473059461157928
0.0006223320346653559
0.0007874956090300252
0.0009481879446507263
0.001104426221492697
0.0012509327942030887
0.0013851290584653527
0.0015086070554307712
0.0016216916429860008
0.0017214715817521742
0.0018059286998230964
0.0018759860088506325
0.0019322384019961282
0.001972858948112664
0.0019963848742246197
0.0020038594581625563
0.0019963848742246197
0.001972858948112664
0.0019322384019961282
0.0018759860088506325
0.0018059286998230964
0.0017214715817521742
0.0016216916429860008
0.0015086070554307712
0.0013851290584653527
0.0012509327942030887
0.001104426221492697
0.0009481879446507263
0.0007874956090300252
0.0006223320346653559
0.0004473059461157928
0.00026330104991599855
0.0000942538661508573
0.00009314315372287797
0.00026019824087075873
0.00044203477482331055
0.0006149983097640758
0.0007782155529893655
0.0009370142477278002
0.001091411371491374
0.0012361914720926041
0.0013688063321685834
0.0014908292318376007
0.001602581200775261
0.00170118530641568
0.0017846471595229078
0.0018538788947359637
0.001909468394838215
0.0019496102577214209
0.001972858948112664
0.0019802454495812774
0.001972858948112664
0.0019496102577214209
0.001909468394838215
0.0018538788947359637
0.0017846471595229078
0.00170118530641568
0.001602581200775261
0.0014908292318376007
0.0013688063321685834
0.0012361914720926041
0.001091411371491374
0.0009370142477278002
0.0007782155529893655
0.0006149983097640758
0.00044203477482331055
0.00026019824087075873
0.00009314315372287797
0.000091225365441633
0.00025484084081291706
0.00043293341764164277
0.0006023356877214498
0.0007621923391711394
0.0009177214186595638
0.0010689395541370777
0.0012107386779386968
0.0013406230396966854
0.0014601335261858247
0.001569584557181526
0.0016661584352558646
0.001747901835020872
0.0018157081105498283
0.0018701530403042305
0.001909468394838215
0.0019322384019961282
0.001939472817719416
0.0019322384019961282
0.001909468394838215
0.0018701530403042305
0.0018157081105498283
0.001747901835020872
0.0016661584352558646
0.001569584557181526
0.0014601335261858247
0.0013406230396966854
0.0012107386779386968
0.0010689395541370777
0.0009177214186595638
0.0007621923391711394
0.0006023356877214498
0.00043293341764164277
0.00025484084081291706
0.000091225365441633
0.00008856956214305301
0.00024742177329406046
0.0004203296205171047
0.0005848001580082083
0.0007400029741987597
0.000891004205096709
0.0010378199945703227
0.0011754909838459253
0.0013015940802209704
0.0014176253113221348
0.0015238899433624123
0.001617652309279964
0.0016970159499759662
0.0017628482117057732
0.0018157081105498283
0.0018538788947359637
0.0018759860088506325
0.0018830098122617834
0.0018759860088506325
0.0018538788947359637
0.0018157081105498283
0.0017628482117057732
0.0016970159499759662
0.001617652309279964
0.0015238899433624123
0.0014176253113221348
0.0013015940802209704
0.0011754909838459253
0.0010378199945703227
0.000891004205096709
0.0007400029741987597
0.0005848001580082083
0.0004203296205171047
0.00024742177329406046
0.00008856956214305301
0.00008526199739778552
0.0002381819902946004
0.00040463272193733585
0.0005629612289353663
0.0007123681108254977
0.0008577303125160611
0.0009990633749945113
0.0011315931430700065
0.0012529870126435742
0.001364685143297428
0.0014669814013037732
0.001557242281062447
0.0016336421453360458
0.0016970159499759662
0.001747901835020872
0.0017846471595229078
0.0018059286998230964
0.0018126902044943835
0.0018059286998230964
0.0017846471595229078
0.001747901835020872
0.0016970159499759662
0.0016336421453360458
0.001557242281062447
0.0014669814013037732
0.001364685143297428
0.0012529870126435742
0.0011315931430700065
0.0009990633749945113
0.0008577303125160611
0.0007123681108254977
0.0005629612289353663
0.00040463272193733585
0.0002381819902946004
0.00008526199739778552
0.00008127458494795136
0.0002270430319964966
0.0003857094313470884
0.000536633454762331
0.0006790530870087532
0.0008176171949360181
0.0009523405927326696
0.001078672396142472
0.0011943890889943535
0.0013008634795249907
0.0013983756908845877
0.0014844153775365179
0.001557242281062447
0.001617652309279964
0.0016661584352558646
0.00170118530641568
0.0017214715817521742
0.0017279168739404236
0.0017214715817521742
0.00170118530641568
0.0016661584352558646
0.001617652309279964
0.001557242281062447
0.0014844153775365179
0.0013983756908845877
0.0013008634795249907
0.0011943890889943535
0.001078672396142472
0.0009523405927326696
0.0008176171949360181
0.0006790530870087532
0.000536633454762331
0.0003857094313470884
0.0002270430319964966
0.00008127458494795136
0.0000765637473161744
0.00021388316338754844
0.0003633529406275753
0.0005055291055394613
0.0006396938108180013
0.000770226465684566
0.0008971410256676775
0.0010161503848721447
0.001125159906575007
0.0012254628282995783
0.001317323036697551
0.0013983756908845877
0.0014669814013037732
0.0015238899433624123
0.001569584557181526
0.001602581200775261
0.0016216916429860008
0.00162776335313741
0.0016216916429860008
0.001602581200775261
0.001569584557181526
0.0015238899433624123
0.0014669814013037732
0.0013983756908845877
0.001317323036697551
0.0012254628282995783
0.001125159906575007
0.0010161503848721447
0.0008971410256676775
0.000770226465684566
0.0006396938108180013
0.0005055291055394613
0.0003633529406275753
0.00021388316338754844
0.0000765637473161744
0.0000712247669838899
0.00019896855898584253
0.00033801543728311
0.0004702773049617435
0.0005950863719927083
0.0007165166605111954
0.0008345811528920486
0.0009452916937859835
0.001046699710693111
0.0011400082604710387
0.0012254628282995783
0.0013008634795249907
0.001364685143297428
0.0014176253113221348
0.0014601335261858247
0.0014908292318376007
0.0015086070554307712
0.0015142553701474213
0.0015086070554307712
0.0014908292318376007
0.0014601335261858247
0.0014176253113221348
0.001364685143297428
0.0013008634795249907
0.0012254628282995783
0.0011400082604710387
0.001046699710693111
0.0009452916937859835
0.0008345811528920486
0.0007165166605111954
0.0005950863719927083
0.0004702773049617435
0.00033801543728311
0.00019896855898584253
0.0000712247669838899
0.00006539509017716957
0.00018268317901613777
0.000310349207704732
0.00043178557219015687
0.0005463791403974697
0.000657870479775278
0.0007662715101038713
0.0008679205026089598
0.0009610283735245574
0.001046699710693111
0.001125159906575007
0.0011943890889943535
0.0012529870126435742
0.0013015940802209704
0.0013406230396966854
0.0013688063321685834
0.0013851290584653527
0.0013903150642030466
0.0013851290584653527
0.0013688063321685834
0.0013406230396966854
0.0013015940802209704
0.0012529870126435742
0.0011943890889943535
0.001125159906575007
0.001046699710693111
0.0009610283735245574
0.0008679205026089598
0.0007662715101038713
0.000657870479775278
0.0005463791403974697
0.00043178557219015687
0.000310349207704732
0.00018268317901613777
0.00006539509017716957
0.000059059379617033675
0.000164984178321804
0.0002802814648931908
0.0003899526394420258
0.000493443972324825
0.0005941336314182886
0.000692032381671699
0.0007838332557095313
0.0008679205026089598
0.0009452916937859835
0.0010161503848721447
0.001078672396142472
0.0011315931430700065
0.0011754909838459253
0.0012107386779386968
0.0012361914720926041
0.0012509327942030887
0.0012556163611303426
0.0012509327942030887
0.0012361914720926041
0.0012107386779386968
0.0011754909838459253
0.0011315931430700065
0.001078672396142472
0.0010161503848721447
0.0009452916937859835
0.0008679205026089598
0.0007838332557095313
0.000692032381671699
0.0005941336314182886
0.000493443972324825
0.0003899526394420258
0.0002802814648931908
0.000164984178321804
0.000059059379617033675
0.00005214247142325199
0.0001456615843108556
0.0002474554993368967
0.00034428222054440826
0.00043565286992114567
0.0005245499715490752
0.0006109830296096488
0.000692032381671699
0.0007662715101038713
0.0008345811528920486
0.0008971410256676775
0.0009523405927326696
0.0009990633749945113
0.0010378199945703227
0.0010689395541370777
0.001091411371491374
0.001104426221492697
0.0011085612590810837
0.001104426221492697
0.001091411371491374
0.0010689395541370777
0.0010378199945703227
0.0009990633749945113
0.0009523405927326696
0.0008971410256676775
0.0008345811528920486
0.0007662715101038713
0.000692032381671699
0.0006109830296096488
0.0005245499715490752
0.00043565286992114567
0.00034428222054440826
0.0002474554993368967
0.0001456615843108556
0.00005214247142325199
0.00004476610736478196
0.0001250554863281032
0.00021244906788943236
0.00029557814250062074
0.00037402299155249897
0.0004503442146796253
0.0005245499715490752
0.0005941336314182886
0.000657870479775278
0.0007165166605111954
0.000770226465684566
0.0008176171949360181
0.0008577303125160611
0.000891004205096709
0.0009177214186595638
0.0009370142477278002
0.0009481879446507263
0.000951738016820044
0.0009481879446507263
0.0009370142477278002
0.0009177214186595638
0.000891004205096709
0.0008577303125160611
0.0008176171949360181
0.000770226465684566
0.0007165166605111954
0.000657870479775278
0.0005941336314182886
0.0005245499715490752
0.0004503442146796253
0.00037402299155249897
0.00029557814250062074
0.00021244906788943236
0.0001250554863281032
0.00004476610736478196
0.000037179457070737464
0.00010386194733236338
0.00017644466906513686
0.00024548560299427933
0.0003106361615179195
0.00037402299155249897
0.00043565286992114567
0.000493443972324825
0.0005463791403974697
0.0005950863719927083
0.0006396938108180013
0.0006790530870087532
0.0007123681108254977
0.0007400029741987597
0.0007621923391711394
0.0007782155529893655
0.0007874956090300252
0.0007904440395187794
0.0007874956090300252
0.0007782155529893655
0.0007621923391711394
0.0007400029741987597
0.0007123681108254977
0.0006790530870087532
0.0006396938108180013
0.0005950863719927083
0.0005463791403974697
0.000493443972324825
0.00043565286992114567
0.00037402299155249897
0.0003106361615179195
0.00024548560299427933
0.00017644466906513686
0.00010386194733236338
0.000037179457070737464
0.000029381709435922845
0.00008207870147653269
0.00013943845355584116
0.00019399924652361688
0.00024548560299427933
0.00029557814250062074
0.00034428222054440826
0.0003899526394420258
0.00043178557219015687
0.0004702773049617435
0.0005055291055394613
0.000536633454762331
0.0005629612289353663
0.0005848001580082083
0.0006023356877214498
0.0006149983097640758
0.0006223320346653559
0.0006246620828892386
0.0006223320346653559
0.0006149983097640758
0.0006023356877214498
0.0005848001580082083
0.0005629612289353663
0.000536633454762331
0.0005055291055394613
0.0004702773049617435
0.00043178557219015687
0.0003899526394420258
0.00034428222054440826
0.00029557814250062074
0.00024548560299427933
0.00019399924652361688
0.00013943845355584116
0.00008207870147653269
0.000029381709435922845
0.000021118330096572818
0.00005899469925191686
0.00010022246312012109
0.00013943845355584116
0.00017644466906513686
0.00021244906788943236
0.0002474554993368967
0.0002802814648931908
0.000310349207704732
0.00033801543728311
0.0003633529406275753
0.0003857094313470884
0.00040463272193733585
0.0004203296205171047
0.00043293341764164277
0.00044203477482331055
0.0004473059461157928
0.00044898068623396725
0.0004473059461157928
0.00044203477482331055
0.00043293341764164277
0.0004203296205171047
0.00040463272193733585
0.0003857094313470884
0.0003633529406275753
0.00033801543728311
0.000310349207704732
0.0002802814648931908
0.0002474554993368967
0.00021244906788943236
0.00017644466906513686
0.00013943845355584116
0.00010022246312012109
0.00005899469925191686
0.000021118330096572818
0.000012431040846170259
0.00003472649176116073
0.00005899469925191686
0.00008207870147653269
0.00010386194733236338
0.0001250554863281032
0.0001456615843108556
0.000164984178321804
0.00018268317901613777
0.00019896855898584253
0.00021388316338754844
0.0002270430319964966
0.0002381819902946004
0.00024742177329406046
0.00025484084081291706
0.00026019824087075873
0.00026330104991599855
0.0002642868647375561
0.00026330104991599855
0.00026019824087075873
0.00025484084081291706
0.00024742177329406046
0.0002381819902946004
0.0002270430319964966
0.00021388316338754844
0.00019896855898584253
0.00018268317901613777
0.000164984178321804
0.0001456615843108556
0.0001250554863281032
0.00010386194733236338
0.00008207870147653269
0.00005899469925191686
0.00003472649176116073
0.000012431040846170259
4.449939187118976e-6
0.000012431040846170259
0.000021118330096572818
0.000029381709435922845
0.000037179457070737464
0.00004476610736478196
0.00005214247142325199
0.000059059379617033675
0.00006539509017716957
0.0000712247669838899
0.0000765637473161744
0.00008127458494795136
0.00008526199739778552
0.00008856956214305301
0.000091225365441633
0.00009314315372287797
0.0000942538661508573
0.00009460675824251536
0.0000942538661508573
0.00009314315372287797
0.000091225365441633
0.00008856956214305301
0.00008526199739778552
0.00008127458494795136
0.0000765637473161744
0.0000712247669838899
0.00006539509017716957
0.000059059379617033675
0.00005214247142325199
0.00004476610736478196
0.000037179457070737464
0.000029381709435922845
0.000021118330096572818
0.000012431040846170259
4.449939187118976e-6