0.000012559391474727404
0.000035002879805539215
0.000059260756820026704
0.00008200464217129736
0.00010297792053738085
0.00012280337601089215
0.0001414130994427037
0.00015800305385206342
0.0001721314227738457
0.0001839838369109853
0.00019361577698124403
0.00020060423059821227
0.00020464171581231712
0.00020591896924188722
0.00020464171581231712
0.00020060423059821227
0.00019361577698124403
0.0001839838369109853
0.0001721314227738457
0.00015800305385206342
0.0001414130994427037
0.00012280337601089215
0.00010297792053738085
0.00008200464217129736
0.000059260756820026704
0.000035002879805539215
0.000012559391474727404
0.000035002879805539215
0.00009755262403807008
0.00016515904869520798
0.00022854599597393907
0.000286998281918953
0.00034225159864419245
0.000394116684130921
0.0004403526965475016
0.00047972829847953667
0.0005127608405642856
0.0005396049469249994
0.0005590816868987117
0.0005703341118231463
0.0005738938024631282
0.0005703341118231463
0.0005590816868987117
0.0005396049469249994
0.0005127608405642856
0.00047972829847953667
0.0004403526965475016
0.000394116684130921
0.00034225159864419245
0.000286998281918953
0.00022854599597393907
0.00016515904869520798
0.00009755262403807008
0.000035002879805539215
0.000059260756820026704
0.00016515904869520798
0.0002796184278473225
0.0003869341255589803
0.0004858953173868015
0.0005794405737812815
0.0006672494693794238
0.0007455282025399198
0.0008121920880173437
0.00086811701346653
0.0009135647614212981
0.0009465393725859031
0.0009655900112986927
0.0009716166571787585
0.0009655900112986927
0.0009465393725859031
0.0009135647614212981
0.00086811701346653
0.0008121920880173437
0.0007455282025399198
0.0006672494693794238
0.0005794405737812815
0.0004858953173868015
0.0003869341255589803
0.0002796184278473225
0.00016515904869520798
0.000059260756820026704
0.00008200464217129736
0.00022854599597393907
0.0003869341255589803
0.0005354368761555368
0.0006723787169310684
0.0008018260221814662
0.0009233353894150118
0.0010316569810872873
0.0011239060235847848
0.0012012945644339149
0.0012641848565683985
0.0013098149047553172
0.0013361770522304407
0.0013445166848205007
0.0013361770522304407
0.0013098149047553172
0.0012641848565683985
0.0012012945644339149
0.0011239060235847848
0.0010316569810872873
0.0009233353894150118
0.0008018260221814662
0.0006723787169310684
0.0005354368761555368
0.0003869341255589803
0.00022854599597393907
0.00008200464217129736
0.00010297792053738085
0.000286998281918953
0.0004858953173868015
0.0006723787169310684
0.0008443444206307209
0.0010068988073202991
0.0011594850711245585
0.0012955106907036231
0.0014113530907974281
0.0015085343088243135
0.0015875092465171008
0.0016448095084521997
0.001677913965175726
0.0016883865189169672
0.001677913965175726
0.0016448095084521997
0.0015875092465171008
0.0015085343088243135
0.0014113530907974281
0.0012955106907036231
0.0011594850711245585
0.0010068988073202991
0.0008443444206307209
0.0006723787169310684
0.0004858953173868015
0.000286998281918953
0.00010297792053738085
0.00012280337601089215
0.00034225159864419245
0.0005794405737812815
0.0008018260221814662
0.0010068988073202991
0.0012007483953357606
0.0013827107832949325
0.0015449242482892926
0.0016830687917262501
0.0017989594758289651
0.0018931387806577476
0.0019614705703775086
0.002000948344112314
0.0020134370887691174
0.002000948344112314
0.0019614705703775086
0.0018931387806577476
0.0017989594758289651
0.0016830687917262501
0.0015449242482892926
0.0013827107832949325
0.0012007483953357606
0.0010068988073202991
0.0008018260221814662
0.0005794405737812815
0.00034225159864419245
0.00012280337601089215
0.0001414130994427037
0.000394116684130921
0.0006672494693794238
0.0009233353894150118
0.0011594850711245585
0.0013827107832949325
0.0015922478994489695
0.0017790433247975234
0.001938122404649405
0.0020715752572325998
0.0021800265704767573
0.002258713415159931
0.0023041736828193597
0.002318554981993988
0.0023041736828193597
0.002258713415159931
0.0021800265704767573
0.0020715752572325998
0.001938122404649405
0.0017790433247975234
0.0015922478994489695
0.0013827107832949325
0.0011594850711245585
0.0009233353894150118
0.0006672494693794238
0.000394116684130921
0.0001414130994427037
0.00015800305385206342
0.0004403526965475016
0.0007455282025399198
0.0010316569810872873
0.0012955106907036231
0.0015449242482892926
0.0017790433247975234
0.001987752756717053
0.0021654942850452504
0.002314603231362896
0.0024357775692026976
0.0025236956037194493
0.0025744890673195606
0.0025905575164017628
0.0025744890673195606
0.0025236956037194493
0.0024357775692026976
0.002314603231362896
0.0021654942850452504
0.001987752756717053
0.0017790433247975234
0.0015449242482892926
0.0012955106907036231
0.0010316569810872873
0.0007455282025399198
0.0004403526965475016
0.00015800305385206342
0.0001721314227738457
0.00047972829847953667
0.0008121920880173437
0.0011239060235847848
0.0014113530907974281
0.0016830687917262501
0.001938122404649405
0.0021654942850452504
0.0023591291636835847
0.0025215711826966883
0.0026535807272436733
0.002749360245423226
0.0028046955756206087
0.0028222008385560843
0.0028046955756206087
0.002749360245423226
0.0026535807272436733
0.0025215711826966883
0.0023591291636835847
0.0021654942850452504
0.001938122404649405
0.0016830687917262501
0.0014113530907974281
0.0011239060235847848
0.0008121920880173437
0.00047972829847953667
0.0001721314227738457
0.0001839838369109853
0.0005127608405642856
0.00086811701346653
0.0012012945644339149
0.0015085343088243135
0.0017989594758289651
0.0020715752572325998
0.002314603231362896
0.0025215711826966883
0.002695198434781071
0.0028362977304427135
0.0029386723170706994
0.002997817859484688
0.0030165284783194375
0.002997817859484688
0.0029386723170706994
0.0028362977304427135
0.002695198434781071
0.0025215711826966883
0.002314603231362896
0.0020715752572325998
0.0017989594758289651
0.0015085343088243135
0.0012012945644339149
0.00086811701346653
0.0005127608405642856
0.0001839838369109853
0.00019361577698124403
0.0005396049469249994
0.0009135647614212981
0.0012641848565683985
0.0015875092465171008
0.0018931387806577476
0.0021800265704767573
0.0024357775692026976
0.0026535807272436733
0.0028362977304427135
0.0029847838704195233
0.0030925179815561505
0.0031547599172703296
0.0031744500762773005
0.0031547599172703296
0.0030925179815561505
0.0029847838704195233
0.0028362977304427135
0.0026535807272436733
0.0024357775692026976
0.0021800265704767573
0.0018931387806577476
0.0015875092465171008
0.0012641848565683985
0.0009135647614212981
0.0005396049469249994
0.00019361577698124403
0.00020060423059821227
0.0005590816868987117
0.0009465393725859031
0.0013098149047553172
0.0016448095084521997
0.0019614705703775086
0.002258713415159931
0.0025236956037194493
0.002749360245423226
0.0029386723170706994
0.0030925179815561505
0.003204140695421245
0.0032686292191333177
0.003289030083461293
0.0032686292191333177
0.003204140695421245
0.0030925179815561505
0.0029386723170706994
0.002749360245423226
0.0025236956037194493
0.002258713415159931
0.0019614705703775086
0.0016448095084521997
0.0013098149047553172
0.0009465393725859031
0.0005590816868987117
0.00020060423059821227
0.00020464171581231712
0.0005703341118231463
0.0009655900112986927
0.0013361770522304407
0.001677913965175726
0.002000948344112314
0.0023041736828193597
0.0025744890673195606
0.0028046955756206087
0.002997817859484688
0.0031547599172703296
0.0032686292191333177
0.0033344156788868715
0.0033552271436684536
0.0033344156788868715
0.0032686292191333177
0.0031547599172703296
0.002997817859484688
0.0028046955756206087
0.0025744890673195606
0.0023041736828193597
0.002000948344112314
0.001677913965175726
0.0013361770522304407
0.0009655900112986927
0.0005703341118231463
0.00020464171581231712
0.00020591896924188722
0.0005738938024631282
0.0009716166571787585
0.0013445166848205007
0.0016883865189169672
0.0020134370887691174
0.002318554981993988
0.0025905575164017628
0.0028222008385560843
0.0030165284783194375
0.0031744500762773005
0.003289030083461293
0.0033552271436684536
0.0033761685013932274
0.0033552271436684536
0.003289030083461293
0.0031744500762773005
0.0030165284783194375
0.0028222008385560843
0.0025905575164017628
0.002318554981993988
0.0020134370887691174
0.0016883865189169672
0.0013445166848205007
0.0009716166571787585
0.0005738938024631282
0.00020591896924188722
0.00020464171581231712
0.0005703341118231463
0.0009655900112986927
0.0013361770522304407
0.001677913965175726
0.002000948344112314
0.0023041736828193597
0.0025744890673195606
0.0028046955756206087
0.002997817859484688
0.0031547599172703296
0.0032686292191333177
0.0033344156788868715
0.0033552271436684536
0.0033344156788868715
0.0032686292191333177
0.0031547599172703296
0.002997817859484688
0.0028046955756206087
0.0025744890673195606
0.0023041736828193597
0.002000948344112314
0.001677913965175726
0.0013361770522304407
0.0009655900112986927
0.0005703341118231463
0.00020464171581231712
0.00020060423059821227
0.0005590816868987117
0.0009465393725859031
0.0013098149047553172
0.0016448095084521997
0.0019614705703775086
0.002258713415159931
0.0025236956037194493
0.002749360245423226
0.0029386723170706994
0.0030925179815561505
0.003204140695421245
0.0032686292191333177
0.003289030083461293
0.0032686292191333177
0.003204140695421245
0.0030925179815561505
0.0029386723170706994
0.002749360245423226
0.0025236956037194493
0.002258713415159931
0.0019614705703775086
0.0016448095084521997
0.0013098149047553172
0.0009465393725859031
0.0005590816868987117
0.00020060423059821227
0.00019361577698124403
0.0005396049469249994
0.0009135647614212981
0.0012641848565683985
0.0015875092465171008
0.0018931387806577476
0.0021800265704767573
0.0024357775692026976
0.0026535807272436733
0.0028362977304427135
0.0029847838704195233
0.0030925179815561505
0.0031547599172703296
0.0031744500762773005
0.0031547599172703296
0.0030925179815561505
0.0029847838704195233
0.0028362977304427135
0.0026535807272436733
0.0024357775692026976
0.0021800265704767573
0.0018931387806577476
0.0015875092465171008
0.0012641848565683985
0.0009135647614212981
0.0005396049469249994
0.00019361577698124403
0.0001839838369109853
0.0005127608405642856
0.00086811701346653
0.0012012945644339149
0.0015085343088243135
0.0017989594758289651
0.0020715752572325998
0.002314603231362896
0.0025215711826966883
0.002695198434781071
0.0028362977304427135
0.0029386723170706994
0.002997817859484688
0.0030165284783194375
0.002997817859484688
0.0029386723170706994
0.0028362977304427135
0.002695198434781071
0.0025215711826966883
0.002314603231362896
0.0020715752572325998
0.0017989594758289651
0.0015085343088243135
0.0012012945644339149
0.00086811701346653
0.0005127608405642856
0.0001839838369109853
0.0001721314227738457
0.00047972829847953667
0.0008121920880173437
0.0011239060235847848
0.0014113530907974281
0.0016830687917262501
0.001938122404649405
0.0021654942850452504
0.0023591291636835847
0.0025215711826966883
0.0026535807272436733
0.002749360245423226
0.0028046955756206087
0.0028222008385560843
0.0028046955756206087
0.002749360245423226
0.0026535807272436733
0.0025215711826966883
0.0023591291636835847
0.0021654942850452504
0.001938122404649405
0.0016830687917262501
0.0014113530907974281
0.0011239060235847848
0.0008121920880173437
0.00047972829847953667
0.0001721314227738457
0.00015800305385206342
0.0004403526965475016
0.0007455282025399198
0.0010316569810872873
0.0012955106907036231
0.0015449242482892926
0.0017790433247975234
0.001987752756717053
0.0021654942850452504
0.002314603231362896
0.0024357775692026976
0.0025236956037194493
0.0025744890673195606
0.0025905575164017628
0.0025744890673195606
0.0025236956037194493
0.0024357775692026976
0.002314603231362896
0.0021654942850452504
0.001987752756717053
0.0017790433247975234
0.0015449242482892926
0.0012955106907036231
0.0010316569810872873
0.0007455282025399198
0.0004403526965475016
0.00015800305385206342
0.0001414130994427037
0.000394116684130921
0.0006672494693794238
0.0009233353894150118
0.0011594850711245585
0.0013827107832949325
0.0015922478994489695
0.0017790433247975234
0.001938122404649405
0.0020715752572325998
0.0021800265704767573
0.002258713415159931
0.0023041736828193597
0.002318554981993988
0.0023041736828193597
0.002258713415159931
0.0021800265704767573
0.0020715752572325998
0.001938122404649405
0.0017790433247975234
0.0015922478994489695
0.0013827107832949325
0.0011594850711245585
0.0009233353894150118
0.0006672494693794238
0.000394116684130921
0.0001414130994427037
0.00012280337601089215
0.00034225159864419245
0.0005794405737812815
0.0008018260221814662
0.0010068988073202991
0.0012007483953357606
0.0013827107832949325
0.0015449242482892926
0.0016830687917262501
0.0017989594758289651
0.0018931387806577476
0.0019614705703775086
0.002000948344112314
0.0020134370887691174
0.002000948344112314
0.0019614705703775086
0.0018931387806577476
0.0017989594758289651
0.0016830687917262501
0.0015449242482892926
0.0013827107832949325
0.0012007483953357606
0.0010068988073202991
0.0008018260221814662
0.0005794405737812815
0.00034225159864419245
0.00012280337601089215
0.00010297792053738085
0.000286998281918953
0.0004858953173868015
0.0006723787169310684
0.0008443444206307209
0.0010068988073202991
0.0011594850711245585
0.0012955106907036231
0.0014113530907974281
0.0015085343088243135
0.0015875092465171008
0.0016448095084521997
0.001677913965175726
0.0016883865189169672
0.001677913965175726
0.0016448095084521997
0.0015875092465171008
0.0015085343088243135
0.0014113530907974281
0.0012955106907036231
0.0011594850711245585
0.0010068988073202991
0.0008443444206307209
0.0006723787169310684
0.0004858953173868015
0.000286998281918953
0.00010297792053738085
0.00008200464217129736
0.00022854599597393907
0.0003869341255589803
0.0005354368761555368
0.0006723787169310684
0.0008018260221814662
0.0009233353894150118
0.0010316569810872873
0.0011239060235847848
0.0012012945644339149
0.0012641848565683985
0.0013098149047553172
0.0013361770522304407
0.0013445166848205007
0.0013361770522304407
0.0013098149047553172
0.0012641848565683985
0.0012012945644339149
0.0011239060235847848
0.0010316569810872873
0.0009233353894150118
0.0008018260221814662
0.0006723787169310684
0.0005354368761555368
0.0003869341255589803
0.00022854599597393907
0.00008200464217129736
0.000059260756820026704
0.00016515904869520798
0.0002796184278473225
0.0003869341255589803
0.0004858953173868015
0.0005794405737812815
0.0006672494693794238
0.0007455282025399198
0.0008121920880173437
0.00086811701346653
0.0009135647614212981
0.0009465393725859031
0.0009655900112986927
0.0009716166571787585
0.0009655900112986927
0.0009465393725859031
0.0009135647614212981
0.00086811701346653
0.0008121920880173437
0.0007455282025399198
0.0006672494693794238
0.0005794405737812815
0.0004858953173868015
0.0003869341255589803
0.0002796184278473225
0.00016515904869520798
0.000059260756820026704
0.000035002879805539215
0.00009755262403807008
0.00016515904869520798
0.00022854599597393907
0.000286998281918953
0.00034225159864419245
0.000394116684130921
0.0004403526965475016
0.00047972829847953667
0.0005127608405642856
0.0005396049469249994
0.0005590816868987117
0.0005703341118231463
0.0005738938024631282
0.0005703341118231463
0.0005590816868987117
0.0005396049469249994
0.0005127608405642856
0.00047972829847953667
0.0004403526965475016
0.000394116684130921
0.00034225159864419245
0.000286998281918953
0.00022854599597393907
0.00016515904869520798
0.00009755262403807008
0.000035002879805539215
0.000012559391474727404
0.000035002879805539215
0.000059260756820026704
0.00008200464217129736
0.00010297792053738085
0.00012280337601089215
0.0001414130994427037
0.00015800305385206342
0.0001721314227738457
0.0001839838369109853
0.00019361577698124403
0.00020060423059821227
0.00020464171581231712
0.00020591896924188722
0.00020464171581231712
0.00020060423059821227
0.00019361577698124403
0.0001839838369109853
0.0001721314227738457
0.00015800305385206342
0.0001414130994427037
0.00012280337601089215
0.00010297792053738085
0.00008200464217129736
0.000059260756820026704
0.000035002879805539215
0.000012559391474727404