0.00001704744952836989
0.0000475563336360372
0.00008033768589267913
0.00011085361905665205
0.0001388346460111661
0.00016498964284106176
0.00018899727276012822
0.00020984853910482502
0.0002271337307577145
0.000240943614647504
0.00025108872929592856
0.0002571950199704864
0.0002592031495790858
0.0002571950199704864
0.00025108872929592856
0.000240943614647504
0.0002271337307577145
0.00020984853910482502
0.00018899727276012822
0.00016498964284106176
0.0001388346460111661
0.00011085361905665205
0.00008033768589267913
0.0000475563336360372
0.00001704744952836989
0.0000475563336360372
0.00013266529196278792
0.00022411362987180745
0.0003092422525637719
0.0003872993866302695
0.0004602625447509055
0.000527235311342273
0.0005854029438301748
0.0006336224936132479
0.0006721471682072287
0.0007004484373321745
0.0007174828210453881
0.0007230847899200887
0.0007174828210453881
0.0007004484373321745
0.0006721471682072287
0.0006336224936132479
0.0005854029438301748
0.000527235311342273
0.0004602625447509055
0.0003872993866302695
0.0003092422525637719
0.00022411362987180745
0.00013266529196278792
0.0000475563336360372
0.00008033768589267913
0.00022411362987180745
0.0003785987906196743
0.0005224079539299627
0.0006542711367882192
0.0007775289834442463
0.0008906671645109173
0.0009889306896955568
0.0010703887573844295
0.0011354691151415212
0.0011832789081908561
0.0012120553689374117
0.0012215188658352303
0.0012120553689374117
0.0011832789081908561
0.0011354691151415212
0.0010703887573844295
0.0009889306896955568
0.0008906671645109173
0.0007775289834442463
0.0006542711367882192
0.0005224079539299627
0.0003785987906196743
0.00022411362987180745
0.00008033768589267913
0.00011085361905665205
0.0003092422525637719
0.0005224079539299627
0.0007208424249919093
0.0009027932850116257
0.0010728701079512762
0.001228983352754985
0.0013645718660030917
0.0014769714391839285
0.0015667722979802944
0.0016327424404729263
0.0016724495191863806
0.0016855076857043457
0.0016724495191863806
0.0016327424404729263
0.0015667722979802944
0.0014769714391839285
0.0013645718660030917
0.001228983352754985
0.0010728701079512762
0.0009027932850116257
0.0007208424249919093
0.0005224079539299627
0.0003092422525637719
0.00011085361905665205
0.0001388346460111661
0.0003872993866302695
0.0006542711367882192
0.0009027932850116257
0.0011306711247901793
0.0013436777519843974
0.0015391961957160441
0.0017090091743104635
0.0018497799952107057
0.0019622478654398286
0.002044869808306575
0.0020945995173068973
0.0021109537504073075
0.0020945995173068973
0.002044869808306575
0.0019622478654398286
0.0018497799952107057
0.0017090091743104635
0.0015391961957160441
0.0013436777519843974
0.0011306711247901793
0.0009027932850116257
0.0006542711367882192
0.0003872993866302695
0.0001388346460111661
0.00016498964284106176
0.0004602625447509055
0.0007775289834442463
0.0010728701079512762
0.0013436777519843974
0.0015968126023496784
0.0018291646781962948
0.002030968647832352
0.0021982592206833537
0.0023319148626526173
0.002430101916360542
0.002489200182984086
0.0025086353827393332
0.002489200182984086
0.002430101916360542
0.0023319148626526173
0.0021982592206833537
0.002030968647832352
0.0018291646781962948
0.0015968126023496784
0.0013436777519843974
0.0010728701079512762
0.0007775289834442463
0.0004602625447509055
0.00016498964284106176
0.00018899727276012822
0.000527235311342273
0.0008906671645109173
0.001228983352754985
0.0015391961957160441
0.0018291646781962948
0.002095326286276556
0.002326494735620519
0.002518127746534887
0.0026712316104272956
0.0027837058545774358
0.002851403505317006
0.0028736667194560208
0.002851403505317006
0.0027837058545774358
0.0026712316104272956
0.002518127746534887
0.002326494735620519
0.002095326286276556
0.0018291646781962948
0.0015391961957160441
0.001228983352754985
0.0008906671645109173
0.000527235311342273
0.00018899727276012822
0.00020984853910482502
0.0005854029438301748
0.0009889306896955568
0.0013645718660030917
0.0017090091743104635
0.002030968647832352
0.002326494735620519
0.0025831670181011603
0.0027959420851555823
0.0029659372480482387
0.0030908202978252703
0.0031659867428276687
0.003190706162820462
0.0031659867428276687
0.0030908202978252703
0.0029659372480482387
0.0027959420851555823
0.0025831670181011603
0.002326494735620519
0.002030968647832352
0.0017090091743104635
0.0013645718660030917
0.0009889306896955568
0.0005854029438301748
0.00020984853910482502
0.0002271337307577145
0.0006336224936132479
0.0010703887573844295
0.0014769714391839285
0.0018497799952107057
0.0021982592206833537
0.002518127746534887
0.0027959420851555823
0.003026243401516676
0.003210241039638364
0.003345410686876601
0.0034267685803078293
0.0034535241350954916
0.0034267685803078293
0.003345410686876601
0.003210241039638364
0.003026243401516676
0.0027959420851555823
0.002518127746534887
0.0021982592206833537
0.0018497799952107057
0.0014769714391839285
0.0010703887573844295
0.0006336224936132479
0.0002271337307577145
0.000240943614647504
0.0006721471682072287
0.0011354691151415212
0.0015667722979802944
0.0019622478654398286
0.0023319148626526173
0.0026712316104272956
0.0029659372480482387
0.003210241039638364
0.003405425858149241
0.003548813911026995
0.003635118419203885
0.0036635007297525337
0.003635118419203885
0.003548813911026995
0.003405425858149241
0.003210241039638364
0.0029659372480482387
0.0026712316104272956
0.0023319148626526173
0.0019622478654398286
0.0015667722979802944
0.0011354691151415212
0.0006721471682072287
0.000240943614647504
0.00025108872929592856
0.0007004484373321745
0.0011832789081908561
0.0016327424404729263
0.002044869808306575
0.002430101916360542
0.0027837058545774358
0.0030908202978252703
0.003345410686876601
0.003548813911026995
0.0036982394272249016
0.0037881778525380118
0.00381775522191785
0.0037881778525380118
0.0036982394272249016
0.003548813911026995
0.003345410686876601
0.0030908202978252703
0.0027837058545774358
0.002430101916360542
0.002044869808306575
0.0016327424404729263
0.0011832789081908561
0.0007004484373321745
0.00025108872929592856
0.0002571950199704864
0.0007174828210453881
0.0012120553689374117
0.0016724495191863806
0.0020945995173068973
0.002489200182984086
0.002851403505317006
0.0031659867428276687
0.0034267685803078293
0.003635118419203885
0.0037881778525380118
0.0038803035132930065
0.003910600182242079
0.0038803035132930065
0.0037881778525380118
0.003635118419203885
0.0034267685803078293
0.0031659867428276687
0.002851403505317006
0.002489200182984086
0.0020945995173068973
0.0016724495191863806
0.0012120553689374117
0.0007174828210453881
0.0002571950199704864
0.0002592031495790858
0.0007230847899200887
0.0012215188658352303
0.0016855076857043457
0.0021109537504073075
0.0025086353827393332
0.0028736667194560208
0.003190706162820462
0.0034535241350954916
0.0036635007297525337
0.00381775522191785
0.003910600182242079
0.0039411334017976345
0.003910600182242079
0.00381775522191785
0.0036635007297525337
0.0034535241350954916
0.003190706162820462
0.0028736667194560208
0.0025086353827393332
0.0021109537504073075
0.0016855076857043457
0.0012215188658352303
0.0007230847899200887
0.0002592031495790858
0.0002571950199704864
0.0007174828210453881
0.0012120553689374117
0.0016724495191863806
0.0020945995173068973
0.002489200182984086
0.002851403505317006
0.0031659867428276687
0.0034267685803078293
0.003635118419203885
0.0037881778525380118
0.0038803035132930065
0.003910600182242079
0.0038803035132930065
0.0037881778525380118
0.003635118419203885
0.0034267685803078293
0.0031659867428276687
0.002851403505317006
0.002489200182984086
0.0020945995173068973
0.0016724495191863806
0.0012120553689374117
0.0007174828210453881
0.0002571950199704864
0.00025108872929592856
0.0007004484373321745
0.0011832789081908561
0.0016327424404729263
0.002044869808306575
0.002430101916360542
0.0027837058545774358
0.0030908202978252703
0.003345410686876601
0.003548813911026995
0.0036982394272249016
0.0037881778525380118
0.00381775522191785
0.0037881778525380118
0.0036982394272249016
0.003548813911026995
0.003345410686876601
0.0030908202978252703
0.0027837058545774358
0.002430101916360542
0.002044869808306575
0.0016327424404729263
0.0011832789081908561
0.0007004484373321745
0.00025108872929592856
0.000240943614647504
0.0006721471682072287
0.0011354691151415212
0.0015667722979802944
0.0019622478654398286
0.0023319148626526173
0.0026712316104272956
0.0029659372480482387
0.003210241039638364
0.003405425858149241
0.003548813911026995
0.003635118419203885
0.0036635007297525337
0.003635118419203885
0.003548813911026995
0.003405425858149241
0.003210241039638364
0.0029659372480482387
0.0026712316104272956
0.0023319148626526173
0.0019622478654398286
0.0015667722979802944
0.0011354691151415212
0.0006721471682072287
0.000240943614647504
0.0002271337307577145
0.0006336224936132479
0.0010703887573844295
0.0014769714391839285
0.0018497799952107057
0.0021982592206833537
0.002518127746534887
0.0027959420851555823
0.003026243401516676
0.003210241039638364
0.003345410686876601
0.0034267685803078293
0.0034535241350954916
0.0034267685803078293
0.003345410686876601
0.003210241039638364
0.003026243401516676
0.0027959420851555823
0.002518127746534887
0.0021982592206833537
0.0018497799952107057
0.0014769714391839285
0.0010703887573844295
0.0006336224936132479
0.0002271337307577145
0.00020984853910482502
0.0005854029438301748
0.0009889306896955568
0.0013645718660030917
0.0017090091743104635
0.002030968647832352
0.002326494735620519
0.0025831670181011603
0.0027959420851555823
0.0029659372480482387
0.0030908202978252703
0.0031659867428276687
0.003190706162820462
0.0031659867428276687
0.0030908202978252703
0.0029659372480482387
0.0027959420851555823
0.0025831670181011603
0.002326494735620519
0.002030968647832352
0.0017090091743104635
0.0013645718660030917
0.0009889306896955568
0.0005854029438301748
0.00020984853910482502
0.00018899727276012822
0.000527235311342273
0.0008906671645109173
0.001228983352754985
0.0015391961957160441
0.0018291646781962948
0.002095326286276556
0.002326494735620519
0.002518127746534887
0.0026712316104272956
0.0027837058545774358
0.002851403505317006
0.0028736667194560208
0.002851403505317006
0.0027837058545774358
0.0026712316104272956
0.002518127746534887
0.002326494735620519
0.002095326286276556
0.0018291646781962948
0.0015391961957160441
0.001228983352754985
0.0008906671645109173
0.000527235311342273
0.00018899727276012822
0.00016498964284106176
0.0004602625447509055
0.0007775289834442463
0.0010728701079512762
0.0013436777519843974
0.0015968126023496784
0.0018291646781962948
0.002030968647832352
0.0021982592206833537
0.0023319148626526173
0.002430101916360542
0.002489200182984086
0.0025086353827393332
0.002489200182984086
0.002430101916360542
0.0023319148626526173
0.0021982592206833537
0.002030968647832352
0.0018291646781962948
0.0015968126023496784
0.0013436777519843974
0.0010728701079512762
0.0007775289834442463
0.0004602625447509055
0.00016498964284106176
0.0001388346460111661
0.0003872993866302695
0.0006542711367882192
0.0009027932850116257
0.0011306711247901793
0.0013436777519843974
0.0015391961957160441
0.0017090091743104635
0.0018497799952107057
0.0019622478654398286
0.002044869808306575
0.0020945995173068973
0.0021109537504073075
0.0020945995173068973
0.002044869808306575
0.0019622478654398286
0.0018497799952107057
0.0017090091743104635
0.0015391961957160441
0.0013436777519843974
0.0011306711247901793
0.0009027932850116257
0.0006542711367882192
0.0003872993866302695
0.0001388346460111661
0.00011085361905665205
0.0003092422525637719
0.0005224079539299627
0.0007208424249919093
0.0009027932850116257
0.0010728701079512762
0.001228983352754985
0.0013645718660030917
0.0014769714391839285
0.0015667722979802944
0.0016327424404729263
0.0016724495191863806
0.0016855076857043457
0.0016724495191863806
0.0016327424404729263
0.0015667722979802944
0.0014769714391839285
0.0013645718660030917
0.001228983352754985
0.0010728701079512762
0.0009027932850116257
0.0007208424249919093
0.0005224079539299627
0.0003092422525637719
0.00011085361905665205
0.00008033768589267913
0.00022411362987180745
0.0003785987906196743
0.0005224079539299627
0.0006542711367882192
0.0007775289834442463
0.0008906671645109173
0.0009889306896955568
0.0010703887573844295
0.0011354691151415212
0.0011832789081908561
0.0012120553689374117
0.0012215188658352303
0.0012120553689374117
0.0011832789081908561
0.0011354691151415212
0.0010703887573844295
0.0009889306896955568
0.0008906671645109173
0.0007775289834442463
0.0006542711367882192
0.0005224079539299627
0.0003785987906196743
0.00022411362987180745
0.00008033768589267913
0.0000475563336360372
0.00013266529196278792
0.00022411362987180745
0.0003092422525637719
0.0003872993866302695
0.0004602625447509055
0.000527235311342273
0.0005854029438301748
0.0006336224936132479
0.0006721471682072287
0.0007004484373321745
0.0007174828210453881
0.0007230847899200887
0.0007174828210453881
0.0007004484373321745
0.0006721471682072287
0.0006336224936132479
0.0005854029438301748
0.000527235311342273
0.0004602625447509055
0.0003872993866302695
0.0003092422525637719
0.00022411362987180745
0.00013266529196278792
0.0000475563336360372
0.00001704744952836989
0.0000475563336360372
0.00008033768589267913
0.00011085361905665205
0.0001388346460111661
0.00016498964284106176
0.00018899727276012822
0.00020984853910482502
0.0002271337307577145
0.000240943614647504
0.00025108872929592856
0.0002571950199704864
0.0002592031495790858
0.0002571950199704864
0.00025108872929592856
0.000240943614647504
0.0002271337307577145
0.00020984853910482502
0.00018899727276012822
0.00016498964284106176
0.0001388346460111661
0.00011085361905665205
0.00008033768589267913
0.0000475563336360372
0.00001704744952836989