9.423545215870374e-6
0.000026320992464621013
0.00004458655153952469
0.00006178022234562441
0.00007780592618767605
0.00009311734489818817
0.00010760033841932521
0.00012072797080947892
0.0001322825674874843
0.000142340802570822
0.0001508258207220289
0.00015750520140948257
0.00016228640195387783
0.00016519468215874496
0.00016618260682357277
0.00016519468215874496
0.00016228640195387783
0.00015750520140948257
0.0001508258207220289
0.000142340802570822
0.0001322825674874843
0.00012072797080947892
0.00010760033841932521
0.00009311734489818817
0.00007780592618767605
0.00006178022234562441
0.00004458655153952469
0.000026320992464621013
9.423545215870374e-6
0.000026320992464621013
0.00007351741074642347
0.00012453511499248147
0.00017255891806867082
0.00021732046167080763
0.0002600869287774043
0.0003005395137231427
0.0003372064267908099
0.00036947967906759917
0.00039757342974967364
0.0004212730134736386
0.00043992925427425804
0.0004532836703266085
0.0004614068150246778
0.00046416619666533193
0.0004614068150246778
0.0004532836703266085
0.00043992925427425804
0.0004212730134736386
0.00039757342974967364
0.00036947967906759917
0.0003372064267908099
0.0003005395137231427
0.0002600869287774043
0.00021732046167080763
0.00017255891806867082
0.00012453511499248147
0.00007351741074642347
0.000026320992464621013
0.00004458655153952469
0.00012453511499248147
0.00021095676124509156
0.00029230687651367744
0.0003681308741645233
0.00044057530392433076
0.0005091001236481503
0.0005712121891975127
0.000625881595296895
0.0006734711177819814
0.0007136171233930604
0.0007452199378807237
0.0007678417049132059
0.0007816019386973351
0.0007862762043772335
0.0007816019386973351
0.0007678417049132059
0.0007452199378807237
0.0007136171233930604
0.0006734711177819814
0.000625881595296895
0.0005712121891975127
0.0005091001236481503
0.00044057530392433076
0.0003681308741645233
0.00029230687651367744
0.00021095676124509156
0.00012453511499248147
0.00004458655153952469
0.00006178022234562441
0.00017255891806867082
0.00029230687651367744
0.0004050275969013074
0.0005100911928120777
0.0006104719763381451
0.0007054216518020244
0.0007914856573706982
0.0008672369309655854
0.0009331781437064815
0.0009888054364057721
0.0010325950733788085
0.0010639403501239444
0.0010830068684654149
0.0010894836459473122
0.0010830068684654149
0.0010639403501239444
0.0010325950733788085
0.0009888054364057721
0.0009331781437064815
0.0008672369309655854
0.0007914856573706982
0.0007054216518020244
0.0006104719763381451
0.0005100911928120777
0.0004050275969013074
0.00029230687651367744
0.00017255891806867082
0.00006178022234562441
0.00007780592618767605
0.00021732046167080763
0.0003681308741645233
0.0005100911928120777
0.0006424081395319075
0.0007688275588405117
0.0008884070482013106
0.0009967959372414006
0.0010921969859617065
0.0011752432576721125
0.0012453001928117735
0.001300448800776447
0.001339924998759685
0.0013639373454688497
0.0013720941900310349
0.0013639373454688497
0.001339924998759685
0.001300448800776447
0.0012453001928117735
0.0011752432576721125
0.0010921969859617065
0.0009967959372414006
0.0008884070482013106
0.0007688275588405117
0.0006424081395319075
0.0005100911928120777
0.0003681308741645233
0.00021732046167080763
0.00007780592618767605
0.00009311734489818817
0.0002600869287774043
0.00044057530392433076
0.0006104719763381451
0.0007688275588405117
0.000920125040232778
0.001063236562698305
0.0011929552879729377
0.0013071302974177153
0.0014065192347939453
0.0014903626656423156
0.0015563639614319784
0.0016036086755943368
0.0016323464090793004
0.001642108438086523
0.0016323464090793004
0.0016036086755943368
0.0015563639614319784
0.0014903626656423156
0.0014065192347939453
0.0013071302974177153
0.0011929552879729377
0.001063236562698305
0.000920125040232778
0.0007688275588405117
0.0006104719763381451
0.00044057530392433076
0.0002600869287774043
0.00009311734489818817
0.00010760033841932521
0.0003005395137231427
0.0005091001236481503
0.0007054216518020244
0.0008884070482013106
0.001063236562698305
0.001228606916264896
0.0013785014257586428
0.0015104346297038376
0.0016252820118807273
0.0017221660192950912
0.0017984328176112003
0.001853025731938303
0.0018862331848759632
0.0018975135497315643
0.0018862331848759632
0.001853025731938303
0.0017984328176112003
0.0017221660192950912
0.0016252820118807273
0.0015104346297038376
0.0013785014257586428
0.001228606916264896
0.001063236562698305
0.0008884070482013106
0.0007054216518020244
0.0005091001236481503
0.0003005395137231427
0.00010760033841932521
0.00012072797080947892
0.0003372064267908099
0.0005712121891975127
0.0007914856573706982
0.0009967959372414006
0.0011929552879729377
0.0013785014257586428
0.0015466836102434088
0.0016947131446173995
0.0018235723248642376
0.0019322765333347003
0.002017848158258009
0.0020791016065659666
0.0021163604894636335
0.0021290170998332037
0.0021163604894636335
0.0020791016065659666
0.002017848158258009
0.0019322765333347003
0.0018235723248642376
0.0016947131446173995
0.0015466836102434088
0.0013785014257586428
0.0011929552879729377
0.0009967959372414006
0.0007914856573706982
0.0005712121891975127
0.0003372064267908099
0.00012072797080947892
0.0001322825674874843
0.00036947967906759917
0.000625881595296895
0.0008672369309655854
0.0010921969859617065
0.0013071302974177153
0.0015104346297038376
0.0016947131446173995
0.0018569102455847492
0.001998102241880987
0.002117210280364133
0.0022109717688827703
0.0022780876439803936
0.0023189124889469084
0.00233278043441265
0.0023189124889469084
0.0022780876439803936
0.0022109717688827703
0.002117210280364133
0.001998102241880987
0.0018569102455847492
0.0016947131446173995
0.0015104346297038376
0.0013071302974177153
0.0010921969859617065
0.0008672369309655854
0.000625881595296895
0.00036947967906759917
0.0001322825674874843
0.000142340802570822
0.00039757342974967364
0.0006734711177819814
0.0009331781437064815
0.0011752432576721125
0.0014065192347939453
0.0016252820118807273
0.0018235723248642376
0.001998102241880987
0.00215002991044007
0.0022781944457400927
0.002379085181227522
0.0024513042778786555
0.002495233280072485
0.002510155688407119
0.002495233280072485
0.0024513042778786555
0.002379085181227522
0.0022781944457400927
0.00215002991044007
0.001998102241880987
0.0018235723248642376
0.0016252820118807273
0.0014065192347939453
0.0011752432576721125
0.0009331781437064815
0.0006734711177819814
0.00039757342974967364
0.000142340802570822
0.0001508258207220289
0.0004212730134736386
0.0007136171233930604
0.0009888054364057721
0.0012453001928117735
0.0014903626656423156
0.0017221660192950912
0.0019322765333347003
0.002117210280364133
0.0022781944457400927
0.002413998943641989
0.0025209038346381556
0.0025974279537064825
0.002643975589308632
0.0026597875310960233
0.002643975589308632
0.0025974279537064825
0.0025209038346381556
0.002413998943641989
0.0022781944457400927
0.002117210280364133
0.0019322765333347003
0.0017221660192950912
0.0014903626656423156
0.0012453001928117735
0.0009888054364057721
0.0007136171233930604
0.0004212730134736386
0.0001508258207220289
0.00015750520140948257
0.00043992925427425804
0.0007452199378807237
0.0010325950733788085
0.001300448800776447
0.0015563639614319784
0.0017984328176112003
0.002017848158258009
0.0022109717688827703
0.002379085181227522
0.0025209038346381556
0.002632543050704763
0.0027124560704306997
0.0027610650863508827
0.0027775772661883654
0.0027610650863508827
0.0027124560704306997
0.002632543050704763
0.0025209038346381556
0.002379085181227522
0.0022109717688827703
0.002017848158258009
0.0017984328176112003
0.0015563639614319784
0.001300448800776447
0.0010325950733788085
0.0007452199378807237
0.00043992925427425804
0.00015750520140948257
0.00016228640195387783
0.0004532836703266085
0.0007678417049132059
0.0010639403501239444
0.001339924998759685
0.0016036086755943368
0.001853025731938303
0.0020791016065659666
0.0022780876439803936
0.0024513042778786555
0.0025974279537064825
0.0027124560704306997
0.002794794915907143
0.00284487949867401
0.002861892919375424
0.00284487949867401
0.002794794915907143
0.0027124560704306997
0.0025974279537064825
0.0024513042778786555
0.0022780876439803936
0.0020791016065659666
0.001853025731938303
0.0016036086755943368
0.001339924998759685
0.0010639403501239444
0.0007678417049132059
0.0004532836703266085
0.00016228640195387783
0.00016519468215874496
0.0004614068150246778
0.0007816019386973351
0.0010830068684654149
0.0013639373454688497
0.0016323464090793004
0.0018862331848759632
0.0021163604894636335
0.0023189124889469084
0.002495233280072485
0.002643975589308632
0.0027610650863508827
0.00284487949867401
0.0028958616304583925
0.002913179942968654
0.0028958616304583925
0.00284487949867401
0.0027610650863508827
0.002643975589308632
0.002495233280072485
0.0023189124889469084
0.0021163604894636335
0.0018862331848759632
0.0016323464090793004
0.0013639373454688497
0.0010830068684654149
0.0007816019386973351
0.0004614068150246778
0.00016519468215874496
0.00016618260682357277
0.00046416619666533193
0.0007862762043772335
0.0010894836459473122
0.0013720941900310349
0.001642108438086523
0.0018975135497315643
0.0021290170998332037
0.00233278043441265
0.002510155688407119
0.0026597875310960233
0.0027775772661883654
0.002861892919375424
0.002913179942968654
0.0029306018253266756
0.002913179942968654
0.002861892919375424
0.0027775772661883654
0.0026597875310960233
0.002510155688407119
0.00233278043441265
0.0021290170998332037
0.0018975135497315643
0.001642108438086523
0.0013720941900310349
0.0010894836459473122
0.0007862762043772335
0.00046416619666533193
0.00016618260682357277
0.00016519468215874496
0.0004614068150246778
0.0007816019386973351
0.0010830068684654149
0.0013639373454688497
0.0016323464090793004
0.0018862331848759632
0.0021163604894636335
0.0023189124889469084
0.002495233280072485
0.002643975589308632
0.0027610650863508827
0.00284487949867401
0.0028958616304583925
0.002913179942968654
0.0028958616304583925
0.00284487949867401
0.0027610650863508827
0.002643975589308632
0.002495233280072485
0.0023189124889469084
0.0021163604894636335
0.0018862331848759632
0.0016323464090793004
0.0013639373454688497
0.0010830068684654149
0.0007816019386973351
0.0004614068150246778
0.00016519468215874496
0.00016228640195387783
0.0004532836703266085
0.0007678417049132059
0.0010639403501239444
0.001339924998759685
0.0016036086755943368
0.001853025731938303
0.0020791016065659666
0.0022780876439803936
0.0024513042778786555
0.0025974279537064825
0.0027124560704306997
0.002794794915907143
0.00284487949867401
0.002861892919375424
0.00284487949867401
0.002794794915907143
0.0027124560704306997
0.0025974279537064825
0.0024513042778786555
0.0022780876439803936
0.0020791016065659666
0.001853025731938303
0.0016036086755943368
0.001339924998759685
0.0010639403501239444
0.0007678417049132059
0.0004532836703266085
0.00016228640195387783
0.00015750520140948257
0.00043992925427425804
0.0007452199378807237
0.0010325950733788085
0.001300448800776447
0.0015563639614319784
0.0017984328176112003
0.002017848158258009
0.0022109717688827703
0.002379085181227522
0.0025209038346381556
0.002632543050704763
0.0027124560704306997
0.0027610650863508827
0.0027775772661883654
0.0027610650863508827
0.0027124560704306997
0.002632543050704763
0.0025209038346381556
0.002379085181227522
0.0022109717688827703
0.002017848158258009
0.0017984328176112003
0.0015563639614319784
0.001300448800776447
0.0010325950733788085
0.0007452199378807237
0.00043992925427425804
0.00015750520140948257
0.0001508258207220289
0.0004212730134736386
0.0007136171233930604
0.0009888054364057721
0.0012453001928117735
0.0014903626656423156
0.0017221660192950912
0.0019322765333347003
0.002117210280364133
0.0022781944457400927
0.002413998943641989
0.0025209038346381556
0.0025974279537064825
0.002643975589308632
0.0026597875310960233
0.002643975589308632
0.0025974279537064825
0.0025209038346381556
0.002413998943641989
0.0022781944457400927
0.002117210280364133
0.0019322765333347003
0.0017221660192950912
0.0014903626656423156
0.0012453001928117735
0.0009888054364057721
0.0007136171233930604
0.0004212730134736386
0.0001508258207220289
0.000142340802570822
0.00039757342974967364
0.0006734711177819814
0.0009331781437064815
0.0011752432576721125
0.0014065192347939453
0.0016252820118807273
0.0018235723248642376
0.001998102241880987
0.00215002991044007
0.0022781944457400927
0.002379085181227522
0.0024513042778786555
0.002495233280072485
0.002510155688407119
0.002495233280072485
0.0024513042778786555
0.002379085181227522
0.0022781944457400927
0.00215002991044007
0.001998102241880987
0.0018235723248642376
0.0016252820118807273
0.0014065192347939453
0.0011752432576721125
0.0009331781437064815
0.0006734711177819814
0.00039757342974967364
0.000142340802570822
0.0001322825674874843
0.00036947967906759917
0.000625881595296895
0.0008672369309655854
0.0010921969859617065
0.0013071302974177153
0.0015104346297038376
0.0016947131446173995
0.0018569102455847492
0.001998102241880987
0.002117210280364133
0.0022109717688827703
0.0022780876439803936
0.0023189124889469084
0.00233278043441265
0.0023189124889469084
0.0022780876439803936
0.0022109717688827703
0.002117210280364133
0.001998102241880987
0.0018569102455847492
0.0016947131446173995
0.0015104346297038376
0.0013071302974177153
0.0010921969859617065
0.0008672369309655854
0.000625881595296895
0.00036947967906759917
0.0001322825674874843
0.00012072797080947892
0.0003372064267908099
0.0005712121891975127
0.0007914856573706982
0.0009967959372414006
0.0011929552879729377
0.0013785014257586428
0.0015466836102434088
0.0016947131446173995
0.0018235723248642376
0.0019322765333347003
0.002017848158258009
0.0020791016065659666
0.0021163604894636335
0.0021290170998332037
0.0021163604894636335
0.0020791016065659666
0.002017848158258009
0.0019322765333347003
0.0018235723248642376
0.0016947131446173995
0.0015466836102434088
0.0013785014257586428
0.0011929552879729377
0.0009967959372414006
0.0007914856573706982
0.0005712121891975127
0.0003372064267908099
0.00012072797080947892
0.00010760033841932521
0.0003005395137231427
0.0005091001236481503
0.0007054216518020244
0.0008884070482013106
0.001063236562698305
0.001228606916264896
0.0013785014257586428
0.0015104346297038376
0.0016252820118807273
0.0017221660192950912
0.0017984328176112003
0.001853025731938303
0.0018862331848759632
0.0018975135497315643
0.0018862331848759632
0.001853025731938303
0.0017984328176112003
0.0017221660192950912
0.0016252820118807273
0.0015104346297038376
0.0013785014257586428
0.001228606916264896
0.001063236562698305
0.0008884070482013106
0.0007054216518020244
0.0005091001236481503
0.0003005395137231427
0.00010760033841932521
0.00009311734489818817
0.0002600869287774043
0.00044057530392433076
0.0006104719763381451
0.0007688275588405117
0.000920125040232778
0.001063236562698305
0.0011929552879729377
0.0013071302974177153
0.0014065192347939453
0.0014903626656423156
0.0015563639614319784
0.0016036086755943368
0.0016323464090793004
0.001642108438086523
0.0016323464090793004
0.0016036086755943368
0.0015563639614319784
0.0014903626656423156
0.0014065192347939453
0.0013071302974177153
0.0011929552879729377
0.001063236562698305
0.000920125040232778
0.0007688275588405117
0.0006104719763381451
0.00044057530392433076
0.0002600869287774043
0.00009311734489818817
0.00007780592618767605
0.00021732046167080763
0.0003681308741645233
0.0005100911928120777
0.0006424081395319075
0.0007688275588405117
0.0008884070482013106
0.0009967959372414006
0.0010921969859617065
0.0011752432576721125
0.0012453001928117735
0.001300448800776447
0.001339924998759685
0.0013639373454688497
0.0013720941900310349
0.0013639373454688497
0.001339924998759685
0.001300448800776447
0.0012453001928117735
0.0011752432576721125
0.0010921969859617065
0.0009967959372414006
0.0008884070482013106
0.0007688275588405117
0.0006424081395319075
0.0005100911928120777
0.0003681308741645233
0.00021732046167080763
0.00007780592618767605
0.00006178022234562441
0.00017255891806867082
0.00029230687651367744
0.0004050275969013074
0.0005100911928120777
0.0006104719763381451
0.0007054216518020244
0.0007914856573706982
0.0008672369309655854
0.0009331781437064815
0.0009888054364057721
0.0010325950733788085
0.0010639403501239444
0.0010830068684654149
0.0010894836459473122
0.0010830068684654149
0.0010639403501239444
0.0010325950733788085
0.0009888054364057721
0.0009331781437064815
0.0008672369309655854
0.0007914856573706982
0.0007054216518020244
0.0006104719763381451
0.0005100911928120777
0.0004050275969013074
0.00029230687651367744
0.00017255891806867082
0.00006178022234562441
0.00004458655153952469
0.00012453511499248147
0.00021095676124509156
0.00029230687651367744
0.0003681308741645233
0.00044057530392433076
0.0005091001236481503
0.0005712121891975127
0.000625881595296895
0.0006734711177819814
0.0007136171233930604
0.0007452199378807237
0.0007678417049132059
0.0007816019386973351
0.0007862762043772335
0.0007816019386973351
0.0007678417049132059
0.0007452199378807237
0.0007136171233930604
0.0006734711177819814
0.000625881595296895
0.0005712121891975127
0.0005091001236481503
0.00044057530392433076
0.0003681308741645233
0.00029230687651367744
0.00021095676124509156
0.00012453511499248147
0.00004458655153952469
0.000026320992464621013
0.00007351741074642347
0.00012453511499248147
0.00017255891806867082
0.00021732046167080763
0.0002600869287774043
0.0003005395137231427
0.0003372064267908099
0.00036947967906759917
0.00039757342974967364
0.0004212730134736386
0.00043992925427425804
0.0004532836703266085
0.0004614068150246778
0.00046416619666533193
0.0004614068150246778
0.0004532836703266085
0.00043992925427425804
0.0004212730134736386
0.00039757342974967364
0.00036947967906759917
0.0003372064267908099
0.0003005395137231427
0.0002600869287774043
0.00021732046167080763
0.00017255891806867082
0.00012453511499248147
0.00007351741074642347
0.000026320992464621013
9.423545215870374e-6
0.000026320992464621013
0.00004458655153952469
0.00006178022234562441
0.00007780592618767605
0.00009311734489818817
0.00010760033841932521
0.00012072797080947892
0.0001322825674874843
0.000142340802570822
0.0001508258207220289
0.00015750520140948257
0.00016228640195387783
0.00016519468215874496
0.00016618260682357277
0.00016519468215874496
0.00016228640195387783
0.00015750520140948257
0.0001508258207220289
0.000142340802570822
0.0001322825674874843
0.00012072797080947892
0.00010760033841932521
0.00009311734489818817
0.00007780592618767605
0.00006178022234562441
0.00004458655153952469
0.000026320992464621013
9.423545215870374e-6